ax,ay,az,gx,gy,gz,avm,pressure
1.2856,0.0112,-0.3159,20.061,10.122,3.11,1.3239,100735.78
1.3403,-0.1108,-0.373,5.976,24.817,0.244,1.3957,100735.02
1.2549,-0.0425,-0.2534,5.122,1.341,-7.073,1.2809,100734.81
0.8662,0.0347,-0.0518,18.902,-11.28,-12.744,0.8684,100734.82
0.7334,0.105,0.0874,50.976,-0.549,-14.207,0.746,100734.81
0.8203,0.082,0.0132,30.122,3.537,-11.28,0.8245,100734.67
0.9487,0.0786,-0.2925,-19.573,19.024,-20.061,0.9959,100734.7
0.9038,0.0806,-0.3062,-0.915,14.451,-13.598,0.9576,100734.48
0.7065,0.0938,-0.1655,11.28,-7.805,-17.439,0.7317,100734.41
0.7266,0.0854,-0.0239,3.659,17.805,-23.171,0.732,100734.27
0.8516,0.0811,-0.0625,13.598,17.866,-29.573,0.8577,100734.38
0.8667,0.0923,-0.1382,23.415,3.11,-29.207,0.8825,100733.62
0.8945,0.1118,-0.1538,22.988,19.268,-22.744,0.9145,100733.79
1.0308,0.1338,-0.2373,0.549,20.061,-22.988,1.0662,100733.55
1.0024,0.1636,-0.3154,-20.61,0.183,-20.915,1.0636,100733.35
1.0107,0.2007,-0.2686,-5.61,15.061,-1.89,1.0649,100733.47
1.1016,0.2021,-0.2529,5.915,16.585,10.976,1.1482,100733.42
1.1562,0.2305,-0.2769,12.5,14.329,12.073,1.2111,100734.12
1.3628,0.3252,-0.2261,13.963,34.268,7.378,1.4192,100733.82
1.4922,0.2231,-0.0371,5.427,7.927,-18.659,1.5092,100734.31
1.0688,0.2202,-0.0254,-0.61,-19.268,-15.793,1.0916,100733.95
0.6846,0.0596,0.1177,47.927,-5.671,16.098,0.6972,100734.53
0.6973,0.0186,0.0854,78.11,-3.659,22.012,0.7027,100734.35
0.8706,0.0806,-0.1069,80.305,7.073,8.902,0.8808,100734.08
0.8462,0.0659,0.0537,98.476,-13.537,-8.415,0.8505,100733.34
0.8306,-0.0156,0.0386,101.402,-6.89,-17.378,0.8316,100733.58
0.9009,0.0645,-0.1436,113.354,-5.244,-28.963,0.9145,100734.27
0.9072,0.1245,-0.1738,140.915,22.073,-17.561,0.9321,100734.16
0.96,0.1353,-0.1353,161.402,43.841,-8.171,0.9788,100733.84
0.9399,0.0522,-0.0444,173.902,35.732,1.159,0.9424,100733.46
0.877,-0.0303,-0.0156,162.012,16.951,-10.122,0.8776,100733.68
0.999,-0.0605,0.0415,160.671,-4.634,-53.171,1.0017,100733.95
1.1123,0.0264,-0.1392,166.341,-3.232,-57.195,1.1213,100733.3
0.9922,0.0518,-0.0806,193.963,12.378,-22.683,0.9968,100733.19
0.9419,0.0854,0.0859,168.476,19.939,-3.963,0.9497,100733.23
0.9209,0.1865,0.0723,136.768,22.317,-0.976,0.9424,100732.51
1.041,0.1729,0.0142,139.329,16.159,-16.098,1.0554,100732.48
1.125,0.1372,-0.2109,132.256,5.0,-30.671,1.1528,100732.8
0.9766,0.1382,-0.2129,148.171,11.768,-23.476,1.009,100733.06
0.874,0.165,-0.0728,172.317,18.171,-20.427,0.8924,100733.38
0.916,0.0835,0.0303,162.256,20.854,-20.366,0.9203,100733.62
1.041,-0.0244,-0.0713,138.476,5.915,-30.976,1.0437,100733.33
1.061,-0.0488,-0.1631,130.366,-7.866,-30.976,1.0746,100732.47
1.0,0.041,-0.2095,117.073,-9.39,-23.232,1.0225,100732.09
0.9561,0.0801,-0.2246,89.268,-8.232,-18.415,0.9853,100732.15
1.0044,0.042,-0.2031,78.78,0.366,-14.085,1.0256,100732.96
0.9951,0.0537,-0.1826,76.524,-7.073,-15.793,1.0132,100732.3
1.0356,0.1064,-0.3125,35.305,-13.415,-18.659,1.087,100733.05
1.1606,0.1816,-0.3442,19.146,-12.439,-12.439,1.2242,100733.62
1.2178,0.166,-0.2666,17.988,-18.659,-19.756,1.2576,100733.46
1.021,0.1665,-0.0864,21.28,-21.829,-20.061,1.0381,100733.94
0.8228,0.0508,0.1201,37.073,-29.085,-22.683,0.833,100734.18
0.7227,-0.1006,0.0049,36.829,-20.183,-20.183,0.7296,100734.25
0.999,-0.0762,-0.0693,45.305,9.817,-9.573,1.0043,100734.07
1.3354,0.1206,-0.231,49.146,7.5,-9.634,1.3606,100733.91
1.1235,0.1382,-0.2495,50.0,1.707,-1.951,1.1592,100733.44
0.7188,0.0132,-0.1323,46.28,12.5,15.0,0.7309,100732.45
0.6963,-0.0093,-0.1626,46.28,21.768,10.488,0.7151,100732.7
0.8374,0.0068,-0.1855,61.159,20.183,-2.927,0.8577,100732.91
0.8984,0.0352,-0.2432,49.329,15.549,-4.878,0.9314,100733.41
0.8169,-0.0088,-0.2349,47.134,-1.341,-2.805,0.85,100733.56
0.7573,-0.0483,-0.2231,46.768,-8.415,-4.146,0.791,100733.66
0.6934,-0.0923,-0.209,43.415,-27.683,-23.963,0.73,100732.52
0.6626,-0.1118,-0.1997,45.976,-30.305,-30.305,0.701,100733.24
0.8589,-0.105,-0.2876,31.159,-21.707,-22.195,0.9118,100733.17
0.9551,-0.1172,-0.3291,20.366,-22.805,-14.756,1.017,100732.88
1.0493,0.019,-0.3799,9.573,-14.268,-10.244,1.1161,100733.91
1.2915,0.1309,-0.0591,-0.671,7.5,-1.707,1.2995,100734.67
1.2212,0.2051,-0.0801,-15.183,14.939,12.683,1.2409,100734.23
1.0669,0.0933,-0.3745,9.512,5.366,19.024,1.1346,100734.66
1.4707,0.1284,-0.3306,13.476,46.463,19.451,1.5129,100734.99
1.396,0.1812,-0.3433,-34.695,47.683,-9.146,1.4489,100734.86
0.7349,0.0605,-0.2861,0.671,6.402,-24.39,0.7909,100734.89
0.7012,-0.0469,-0.0552,38.72,15.976,-12.5,0.7049,100734.67
0.8066,-0.0137,-0.1167,17.744,16.951,-0.732,0.8152,100735.38
0.79,0.0498,-0.0879,-18.841,9.024,-2.805,0.7965,100735.52
0.7407,0.0776,-0.1069,-43.354,-2.805,-4.085,0.7524,100735.98
0.6768,0.1191,-0.2065,-37.012,-7.012,9.085,0.7175,100736.97
0.7183,0.1592,-0.2402,-19.512,-10.366,18.659,0.7739,100736.1
0.8125,0.1509,-0.3545,-8.841,-26.463,17.378,0.8992,100734.95
0.9707,0.0308,-0.3379,-0.061,-14.024,9.512,1.0283,100735.57
1.4316,0.0176,-0.0811,-0.854,-6.22,-8.659,1.434,100735.95
1.3716,0.0391,0.062,-24.512,-0.366,-27.5,1.3735,100735.21
1.1196,-0.1147,-0.2744,-5.793,-16.524,-25.366,1.1585,100735.27
1.1299,-0.0986,-0.3164,49.207,-1.463,4.329,1.1775,100734.84
1.2256,0.1201,-0.3223,-9.817,12.073,-1.646,1.2729,100734.98
1.1587,0.1318,-0.2041,-43.11,28.293,-14.939,1.1839,100735.36
0.9175,0.1064,-0.1372,-27.439,32.927,-3.049,0.9338,100735.76
0.6943,0.0752,-0.1851,21.463,12.805,21.646,0.7225,100735.81
0.71,-0.0723,-0.1006,44.695,22.195,33.476,0.7207,100735.36
0.9233,-0.2002,-0.1304,21.037,12.805,0.061,0.9537,100735.03
0.9233,-0.0337,-0.311,-5.122,-12.378,-29.39,0.9749,100734.66
0.7378,-0.0034,-0.1509,2.561,6.22,-3.963,0.7531,100735.12
0.5752,-0.063,-0.1323,9.329,2.622,4.634,0.5936,100735.23
0.7349,-0.0625,-0.3223,15.793,-20.976,-0.549,0.8049,100735.31
1.0176,-0.0386,-0.4097,14.085,-36.585,-2.378,1.0976,100736.34
1.1885,-0.0649,-0.313,-8.415,-38.963,-3.232,1.2307,100737.25
1.3496,0.0664,-0.0547,-41.646,-9.695,11.098,1.3523,100737.94
1.0962,0.2788,-0.0103,-60.976,11.159,31.402,1.1311,100737.32
1.1289,0.2241,-0.1665,-21.646,16.402,28.171,1.1629,100737.36
1.6187,0.1226,-0.2627,17.5,31.463,11.28,1.6444,100736.78
1.4077,-0.0605,-0.2139,18.78,21.585,-9.573,1.4252,100736.84
0.7207,-0.1309,-0.0317,24.817,2.317,-13.232,0.7332,100736.9
0.5044,-0.0645,0.0684,-0.061,20.0,0.305,0.5131,100736.93
0.7051,0.0464,-0.0444,-20.244,35.0,5.915,0.708,100737.82
0.8989,0.2026,-0.2798,-31.951,34.085,5.854,0.963,100737.14
1.0322,0.186,-0.2837,-7.988,22.866,7.561,1.0865,100737.61
0.8984,-0.0151,-0.1846,2.622,-6.707,4.146,0.9173,100737.58
0.7036,-0.0337,-0.0591,-1.707,-26.951,-14.085,0.7069,100738.19
0.6328,0.0615,-0.1426,-24.329,-44.451,-15.122,0.6516,100738.39
0.8354,0.1719,-0.3096,-40.793,-58.537,-7.073,0.9074,100737.8
0.9517,0.2817,-0.25,-26.037,-49.329,-2.317,1.0235,100737.37
1.0967,-0.0752,0.0361,-23.049,-5.976,-12.256,1.0998,100737.16
1.2954,-0.2822,-0.1177,-35.732,1.829,-51.646,1.331,100738.11
1.5708,-0.0669,-0.3828,11.829,9.268,-43.171,1.6182,100737.1
1.5654,0.3091,-0.4248,19.878,-7.805,-17.744,1.6512,100737.05
1.1177,0.1753,-0.2393,-25.671,17.256,10.183,1.1564,100736.93
0.7837,0.0127,-0.2349,-29.085,31.341,22.439,0.8182,100736.69
0.6548,0.0562,-0.2178,21.829,2.5,27.012,0.6923,100737.12
0.5718,0.0303,-0.1196,56.707,19.939,32.134,0.5849,100737.47
0.5415,-0.126,-0.0161,53.72,27.256,16.22,0.5562,100736.99
0.5449,-0.1792,-0.2222,11.341,-5.305,-5.488,0.6152,100737.24
0.7026,-0.2051,-0.1836,8.72,-16.89,-7.317,0.7546,100738.05
1.0171,-0.063,-0.2422,1.524,-40.305,-18.049,1.0474,100739.28
1.2104,0.0459,-0.3447,-38.537,-37.256,-11.22,1.2594,100740.22
1.4736,0.0894,-0.0811,-44.634,16.098,23.049,1.4786,100740.54
1.4297,0.29,-0.0601,-46.22,29.207,27.5,1.46,100740.9
1.3164,0.2056,-0.2524,-17.012,18.72,12.439,1.3561,100741.55
1.6138,0.1157,-0.29,10.061,28.476,2.256,1.6437,100741.66
1.1143,-0.0679,-0.0693,27.561,18.902,-14.451,1.1185,100741.85
0.5654,-0.0083,-0.0142,28.72,-26.768,-30.915,0.5657,100741.52
0.563,0.0684,-0.2134,-2.378,2.195,-3.598,0.6059,100741.02
0.7246,0.0825,-0.1992,17.012,24.939,18.293,0.756,100740.65
0.7744,0.0459,-0.1152,-7.927,3.659,5.976,0.7843,100740.62
0.6782,0.0767,-0.1113,-48.537,-2.256,-5.976,0.6916,100740.97
0.6323,0.1567,-0.084,-22.195,-6.89,7.256,0.6569,100741.11
0.7759,0.1655,-0.1807,-3.11,2.561,21.28,0.8137,100740.94
1.0449,0.1431,-0.3682,1.098,-18.598,5.549,1.1171,100740.98
1.126,-0.0879,-0.1836,-9.939,-34.451,-2.317,1.1442,100741.34
1.0542,-0.3247,0.0625,-1.341,27.622,8.11,1.1048,100741.51
1.4419,-0.2056,0.2759,43.841,49.451,-25.732,1.4824,100740.52
1.9834,0.2891,-0.4746,-62.866,-29.573,-77.805,2.0598,100740.27
1.1636,0.3105,-0.4512,-72.561,-35.671,-7.622,1.286,100740.83
0.7485,0.0044,-0.0747,3.902,32.622,23.902,0.7523,100740.49
0.7808,0.1064,-0.145,16.646,22.378,20.366,0.8012,100741.12
0.6709,0.064,-0.1577,47.317,8.11,28.11,0.6921,100741.33
0.7544,-0.1597,-0.1226,32.439,7.744,16.524,0.7808,100741.99
0.7476,-0.186,-0.2754,-8.171,-23.293,-21.524,0.8181,100742.26
0.6792,-0.061,-0.252,-6.159,-32.195,-27.195,0.727,100742.82
0.771,0.0229,-0.0952,2.622,-13.476,-3.902,0.7772,100743.36
0.8843,0.0225,-0.25,-8.598,-25.732,-1.646,0.9192,100743.27
1.1953,0.0835,-0.5786,-19.817,-49.512,-14.268,1.3306,100743.34
1.3745,0.0898,-0.2046,-20.976,-12.012,18.598,1.3926,100743.01
1.1543,0.229,0.1045,-14.39,-5.915,23.537,1.1814,100742.89
0.9844,0.3208,-0.0039,0.305,-28.293,-17.439,1.0353,100743.66
1.4204,0.2319,-0.627,-4.451,6.646,-17.012,1.5698,100744.35
1.7637,-0.0107,-0.418,40.915,42.683,2.317,1.8126,100743.16
0.8618,0.0078,0.0166,44.268,-11.524,-11.28,0.862,100743.12
0.376,0.0737,0.0708,-22.866,17.256,5.732,0.3896,100743.35
0.5435,0.1128,-0.1284,-39.268,61.159,31.585,0.5697,100743.65
0.6333,0.126,-0.2837,-11.463,18.841,10.793,0.7053,100743.0
0.605,-0.0054,-0.2129,1.341,7.256,-13.963,0.6414,100742.77
0.625,-0.0137,-0.1284,-2.073,1.768,-24.817,0.6382,100743.35
0.6577,0.1357,-0.186,-11.22,-7.012,-8.902,0.6969,100743.75
1.0283,0.2637,-0.3564,0.488,-12.256,14.207,1.1198,100744.33
1.2173,0.0117,-0.2227,-15.122,-14.695,27.866,1.2375,100743.76
1.3706,-0.2729,0.1768,-28.293,12.5,-12.622,1.4087,100742.96
1.6738,0.0103,-0.1958,-34.268,-13.841,-77.5,1.6853,100742.86
1.9141,0.2734,-0.3511,31.89,5.183,-51.524,1.9651,100742.9
0.9609,0.2959,-0.2886,-18.232,-36.037,-1.89,1.0461,100743.8
0.4438,0.2134,-0.1001,-3.72,9.329,25.915,0.5025,100743.86
0.584,0.0669,-0.1436,17.378,53.598,46.951,0.6051,100744.63
0.6299,0.062,-0.2773,39.695,25.183,35.305,0.691,100744.62
0.8745,0.0068,-0.2505,46.098,16.341,6.646,0.9097,100745.08
0.7021,-0.1255,-0.207,23.537,-19.756,-1.646,0.7427,100745.45
0.5225,-0.2065,-0.1489,6.037,-35.793,4.695,0.5812,100745.46
1.0029,-0.1704,-0.1357,-11.28,-24.939,-10.061,1.0263,100746.23
1.2241,-0.021,-0.3755,-30.427,-73.354,-39.512,1.2806,100746.31
1.4629,0.2202,-0.3232,-53.049,-39.329,-21.585,1.5143,100747.01
1.2769,0.4829,-0.103,-64.817,-3.902,9.817,1.369,100746.53
1.04,0.3491,-0.0679,-23.415,4.939,20.183,1.0992,100746.42
1.3423,0.2466,-0.5405,3.72,28.415,17.195,1.4679,100747.09
1.5024,0.0601,-0.2344,42.317,32.683,6.402,1.5218,100747.22
0.8369,0.0312,-0.042,15.549,-24.634,-24.146,0.8385,100747.05
0.8369,0.0312,-0.042,15.549,-24.634,-24.146,0.8385,100747.09
0.522,0.0439,-0.1665,-20.732,-5.183,-4.207,0.5496,100746.73
0.6035,0.1284,-0.2642,-13.598,39.268,31.524,0.6712,100747.09
0.7163,0.1611,-0.1499,-10.122,23.11,22.256,0.7494,100747.45
0.7148,0.0547,-0.1704,-28.11,5.061,-9.085,0.7369,100746.88
0.6123,0.061,-0.1553,-14.146,0.122,-5.0,0.6346,100747.55
0.644,0.1255,-0.0527,-7.988,27.012,30.061,0.6583,100747.82
0.9131,0.1592,-0.1846,-16.159,12.866,27.195,0.9451,100747.88
0.9478,0.1011,-0.3438,-21.098,-41.707,-10.549,1.0132,100748.57
1.0,-0.1558,-0.0591,-13.841,5.854,-3.232,1.0138,100748.31
1.3794,-0.1802,-0.0996,-6.829,35.427,-21.951,1.3947,100747.88
2.0933,0.2754,-0.2554,27.073,-1.829,-63.171,2.1267,100748.07
1.6387,0.4009,-0.4741,-45.427,-9.329,-27.073,1.7524,100749.2
0.7964,0.2104,-0.1973,-26.585,10.122,14.268,0.847,100748.79
0.6245,0.1777,-0.2544,24.451,12.683,28.049,0.6974,100748.48
0.4824,0.0806,-0.1357,73.537,28.049,58.354,0.5076,100748.52
0.5,-0.0156,-0.043,78.841,22.439,50.305,0.5021,100748.53
0.5371,-0.2773,-0.1455,46.524,1.098,13.537,0.6218,100748.27
0.7725,-0.3174,-0.2617,35.549,-38.659,-36.22,0.8752,100748.48
1.0503,-0.0479,-0.3584,16.585,-54.329,-44.756,1.1108,100750.12
1.1079,0.0781,-0.3296,3.415,-46.646,-20.732,1.1585,100750.12
1.2852,0.1445,-0.0713,-23.11,-1.098,9.695,1.2952,100750.85
1.3613,0.4414,0.0474,-64.207,28.659,32.561,1.4319,100750.66
1.2578,0.3179,-0.144,-25.61,9.939,8.232,1.3053,100750.16
1.5947,0.1299,-0.3574,48.537,9.207,-32.317,1.6394,100750.88
1.3599,0.0254,-0.2065,56.707,-13.72,-29.878,1.3757,100750.59
0.5713,0.0874,-0.2007,3.963,-45.854,-15.549,0.6118,100750.96
0.457,0.123,-0.1362,-16.463,-2.439,13.78,0.4925,100750.9
0.5283,0.0791,-0.1499,-25.976,25.366,29.268,0.5548,100750.83
0.6265,0.1772,-0.1626,-10.488,15.183,15.427,0.6711,100751.14
0.7402,0.228,-0.2227,-1.829,20.122,10.244,0.8059,100751.76
0.7783,0.2114,-0.2202,18.963,16.89,6.646,0.836,100751.96
1.002,0.2109,-0.396,38.171,13.659,12.5,1.0978,100752.01
1.1279,0.1143,-0.3472,57.195,-7.439,9.39,1.1857,100752.53
0.9937,0.1372,-0.3149,57.988,-74.512,-43.78,1.0514,100752.31
0.9839,-0.1694,0.0513,9.207,-53.963,-54.268,0.9997,100752.0
1.1646,-0.2241,0.0625,-17.012,-35.366,-93.902,1.1876,100752.53
1.7393,0.3862,-0.2837,-10.793,24.024,-79.573,1.8041,100753.3
1.9854,0.6953,-0.3677,43.902,77.378,-5.427,2.1355,100753.13
0.9868,0.2583,-0.229,87.378,8.11,2.927,1.0455,100753.0
0.6274,0.1401,-0.145,88.598,24.634,8.659,0.6591,100752.91
0.7563,0.187,-0.1743,80.549,39.634,10.793,0.7984,100752.73
0.7422,0.1538,-0.1592,127.134,29.878,9.146,0.7745,100752.6
0.7954,0.1001,0.0122,183.049,33.537,18.476,0.8018,100753.12
0.918,-0.1143,0.1006,158.963,34.451,22.012,0.9305,100753.27
1.1523,-0.166,-0.0801,111.89,23.963,-11.341,1.167,100753.5
1.2798,0.0005,-0.1821,79.573,13.293,-36.951,1.2927,100752.2
0.8457,0.2305,-0.3403,80.183,-13.963,-38.171,0.9403,100752.32
0.8105,0.334,-0.1938,106.037,1.646,-26.22,0.8978,100752.55
0.9224,0.2139,-0.1577,119.573,30.732,-13.841,0.9599,100752.84
0.8618,0.0962,-0.1377,157.866,9.451,-22.195,0.878,100752.95
0.9263,0.0654,0.0986,194.268,23.11,-11.22,0.9338,100753.76
1.1113,0.1416,0.2554,194.878,48.841,-6.037,1.149,100753.02
1.2666,0.1865,0.1709,152.012,36.402,-17.195,1.2916,100752.07
1.1812,0.1289,-0.0513,132.561,31.707,-11.89,1.1893,100752.38
0.9478,0.0356,0.0229,157.012,16.159,-7.683,0.9487,100752.23
0.7915,0.0605,0.0449,169.817,1.646,-27.744,0.7951,100752.34
0.8721,0.0723,0.0732,162.134,13.963,-36.951,0.8781,100752.71
1.0146,0.1206,0.001,152.744,19.451,-28.232,1.0218,100752.97
1.064,0.1191,0.0225,143.11,16.768,-24.695,1.0709,100753.04
1.1353,0.1436,-0.0605,119.39,16.159,-29.573,1.1459,100753.81
1.1035,0.1323,-0.1025,117.988,8.78,-18.537,1.1161,100752.92
0.9409,-0.0039,-0.0557,115.0,9.634,9.695,0.9426,100752.52
0.8838,-0.1162,-0.0283,97.805,2.134,14.817,0.8918,100752.95
0.9336,-0.0449,-0.0327,65.122,-9.756,3.293,0.9352,100752.78
1.1133,0.0601,-0.0684,30.549,-2.134,-3.841,1.117,100753.91
1.377,0.1553,-0.0278,-11.951,7.866,-1.402,1.386,100754.61
1.1724,0.1636,0.0649,-12.195,-4.634,-1.159,1.1855,100754.39
0.7515,0.0449,0.1187,37.134,-30.305,-1.341,0.7621,100754.0
0.8228,-0.0137,0.0923,67.317,-11.22,18.841,0.828,100753.33
1.145,0.0239,-0.0068,67.5,4.634,21.829,1.1453,100753.95
1.2705,-0.0332,-0.0469,67.134,4.329,8.415,1.2718,100754.05
0.9497,-0.0718,-0.1172,76.22,-31.037,-4.39,0.9596,100754.48
0.8223,-0.1372,0.0352,87.012,-6.951,8.902,0.8344,100754.43
1.0391,-0.1211,0.0083,74.024,-2.927,6.524,1.0461,100754.27
1.0215,-0.0483,-0.1094,61.098,-18.72,-0.915,1.0285,100753.8
0.9487,-0.0552,-0.0967,55.244,-8.841,0.732,0.9552,100753.8
0.8687,-0.083,-0.1221,60.183,-12.805,-2.012,0.8811,100753.56
0.8647,-0.1421,-0.1206,62.195,7.744,2.927,0.8846,100752.89
1.0083,-0.1055,-0.1914,44.146,13.72,-0.61,1.0317,100753.36
1.1294,0.0195,-0.3867,22.378,7.988,-5.0,1.1939,100753.6
1.2114,-0.0708,-0.189,21.829,21.341,-7.927,1.2281,100754.27
1.5176,-0.123,-0.2476,16.707,10.732,-26.463,1.5426,100753.92
1.3584,-0.0596,0.168,24.329,21.341,-8.415,1.37,100754.02
0.8662,-0.0571,0.2305,4.024,12.805,-12.988,0.8982,100754.36
0.7695,-0.0688,0.2046,17.073,-12.439,-29.939,0.7992,100753.49
0.9185,-0.0972,0.0459,8.11,-6.646,-33.659,0.9247,100752.84
1.043,0.0181,-0.0415,11.22,3.963,-27.561,1.044,100753.37
0.9624,0.0781,0.0542,9.024,-22.134,-24.939,0.9671,100752.39
0.7026,0.062,-0.021,-0.061,-27.439,-17.683,0.7057,100751.77
0.6504,0.0298,-0.0117,7.012,-15.976,-16.463,0.6512,100752.04
0.7202,0.0825,-0.0522,3.963,0.0,-14.39,0.7268,100752.13
0.9639,0.1265,-0.0947,-4.878,38.841,-7.134,0.9767,100752.09
1.082,0.1367,-0.1021,-3.476,12.988,-22.317,1.0954,100751.3
1.0454,0.0898,-0.104,-1.22,14.146,-20.793,1.0544,100751.7
1.0737,0.0283,-0.064,-8.11,13.72,-16.524,1.076,100751.89
1.2354,0.1411,-0.0952,-8.841,9.573,-11.707,1.247,100751.39
1.3975,0.2241,-0.0874,-16.585,6.098,-7.988,1.418,100752.41
1.229,0.2354,-0.0391,-20.915,-24.39,-1.768,1.2519,100752.91
1.2598,0.0635,0.082,-17.012,-8.171,-0.427,1.264,100751.57
1.0103,0.0171,0.0029,-23.963,-39.085,-28.415,1.0104,100752.16
0.752,0.0464,-0.0146,6.89,-13.598,4.268,0.7535,100752.35
0.8076,-0.104,0.0708,17.378,25.183,48.354,0.8174,100751.77
0.9336,-0.0322,-0.1616,-14.024,2.195,22.073,0.948,100752.33
1.0166,0.126,-0.1172,-21.28,-33.415,-12.012,1.0311,100751.9
0.8418,0.1138,-0.1377,-19.207,-57.134,-1.22,0.8605,100751.57
0.8306,-0.0547,-0.0254,10.366,-20.61,28.598,0.8328,100751.44
0.7744,-0.1084,-0.1069,12.866,-10.61,35.793,0.7892,100751.22
0.813,-0.0244,-0.2124,5.366,-14.207,27.683,0.8406,100751.79
0.9526,-0.0186,-0.2651,-8.659,3.72,28.72,0.989,100752.11
1.019,-0.0566,-0.3091,-7.5,5.61,21.463,1.0664,100751.85
1.0654,0.0044,-0.2012,10.244,21.463,10.427,1.0843,100751.66
1.291,-0.0762,-0.3208,7.439,15.61,-8.537,1.3325,100750.78
1.4033,-0.0649,-0.0669,28.841,33.415,-6.524,1.4064,100750.27
1.1855,0.0576,0.1743,35.305,34.024,5.366,1.1997,100749.38
0.7544,-0.0073,0.1558,27.134,9.085,2.317,0.7703,100749.33
0.7397,-0.021,0.0396,15.427,-17.744,-26.646,0.7411,100748.82
0.9233,0.0483,-0.105,1.402,-8.171,-33.049,0.9305,100748.8
0.9141,0.0913,-0.1353,-10.854,-4.939,-27.927,0.9285,100748.76
0.7983,0.1001,-0.0435,-7.012,-10.61,-26.098,0.8058,100748.23
0.7432,0.106,0.0088,3.537,13.049,-15.305,0.7507,100747.98
0.8452,0.064,-0.0122,16.463,30.671,-7.195,0.8477,100747.64
0.9233,0.0435,-0.0317,12.012,24.207,-15.854,0.9249,100747.78
1.043,0.1362,-0.0693,-13.293,40.061,-20.976,1.0541,100748.62
1.2173,0.1509,-0.0522,-28.598,37.195,-19.39,1.2277,100748.63
1.2319,0.2451,-0.1689,-16.829,20.122,-5.244,1.2674,100748.77
1.2354,0.2251,-0.0503,2.866,28.11,15.427,1.2567,100749.37
1.1582,0.1851,0.0898,2.317,15.427,22.622,1.1763,100749.45
1.0693,0.0347,0.2637,-8.78,45.976,35.122,1.1019,100749.74
0.9492,-0.1924,0.3813,-24.512,33.049,16.646,1.0409,100748.74
0.8779,-0.0654,0.0181,-6.829,-2.073,5.305,0.8805,100748.73
0.9443,-0.0396,0.1104,26.098,14.634,18.476,0.9516,100747.61
0.9795,-0.0029,0.1313,5.488,-30.061,-16.341,0.9883,100747.51
0.8276,0.0864,-0.0571,-9.695,-33.841,-9.939,0.8341,100746.7
0.8677,-0.0234,0.1128,12.073,2.805,14.329,0.8753,100746.7
0.8506,-0.0537,0.0645,22.622,-7.256,19.329,0.8547,100747.45
0.9146,-0.0625,0.0508,42.5,2.927,14.39,0.9181,100746.51
1.0117,-0.022,-0.0161,25.244,3.293,13.598,1.0121,100746.55
0.8369,-0.0259,0.0845,38.963,-9.451,15.427,0.8416,100745.99
0.7505,-0.0278,0.0293,8.11,-8.049,8.354,0.7516,100746.3
0.9048,-0.0278,-0.0571,10.915,-10.305,-7.866,0.907,100746.91
1.084,0.0059,-0.1475,27.012,8.171,-6.28,1.094,100747.24
1.3984,0.0,-0.1729,16.159,8.049,-5.549,1.4091,100747.61
1.4814,0.0059,-0.0845,23.232,-17.256,-8.232,1.4839,100747.39
1.3682,0.0791,0.0869,-7.866,2.073,-7.378,1.3732,100747.09
1.126,0.0176,0.3833,-11.829,31.89,-11.037,1.1896,100747.62
0.853,0.0176,0.2104,22.195,-13.171,-21.037,0.8788,100746.89
0.9673,0.0229,0.2271,45.549,-13.902,-27.073,0.9938,100747.97
1.0254,0.0181,0.1743,16.768,-11.463,-28.354,1.0403,100747.02
0.7837,0.0649,-0.0571,-26.707,-30.183,-19.756,0.7884,100745.95
0.6748,0.0449,-0.0254,-19.146,-13.72,-8.841,0.6768,100746.01
0.7061,0.1299,0.0645,-11.159,5.427,-5.0,0.7208,100744.59
0.7012,0.1812,0.0742,-4.207,5.488,0.183,0.728,100744.62
0.8306,0.1772,0.0864,7.256,5.061,3.841,0.8537,100744.39
0.9541,0.1309,-0.0654,25.549,-9.207,-1.829,0.9653,100744.48
1.1851,0.0859,-0.0327,14.146,-2.012,-13.049,1.1886,100744.89
1.2437,0.1255,-0.0659,-11.524,-0.244,-14.451,1.2517,100744.59
1.2021,0.1274,-0.0039,-12.134,-1.402,-8.293,1.2089,100744.74
1.3198,0.1855,-0.0234,-10.305,5.061,-0.488,1.333,100744.47
1.2056,0.2588,-0.0767,-24.39,4.329,8.11,1.2354,100745.02
1.2417,0.1401,0.1016,-31.402,10.61,-1.341,1.2537,100744.68
1.1353,0.0269,0.1333,-21.28,-1.159,-16.28,1.1434,100744.08
0.7539,-0.0796,0.1187,-4.817,-14.024,5.732,0.7673,100743.6
0.6602,-0.0176,0.0923,4.329,-9.268,20.366,0.6668,100743.77
0.8301,0.0991,-0.0552,-1.159,4.878,24.329,0.8378,100743.63
0.8843,0.0215,-0.0903,-16.89,-12.073,12.683,0.8891,100742.55
0.8584,0.0781,-0.1733,-5.183,-46.098,-2.195,0.8792,100742.87
0.8242,-0.0107,0.0132,5.427,3.354,21.768,0.8244,100743.09
0.8315,-0.0869,0.1709,3.415,-2.439,26.402,0.8534,100742.89
0.9458,0.0078,-0.2139,-3.293,-12.195,22.195,0.9697,100742.62
1.0923,-0.02,-0.1211,14.451,7.683,32.744,1.0992,100742.54
0.8623,-0.1133,-0.2183,6.951,-16.22,27.744,0.8967,100742.6
0.9482,-0.1592,-0.0259,0.244,13.11,15.183,0.9619,100741.92
1.083,-0.0771,-0.1084,-7.317,-3.902,-0.671,1.0911,100743.27
1.3823,-0.04,-0.3159,-15.244,4.451,-1.585,1.4185,100744.02
1.6992,-0.0117,-0.2388,-0.244,15.854,7.195,1.716,100743.34
1.2402,-0.0547,0.1772,2.317,29.512,7.744,1.254,100744.09
0.8794,-0.0112,0.2314,-25.854,2.378,-25.61,0.9094,100743.03
0.7485,0.0098,-0.0039,7.195,-21.89,-30.488,0.7486,100742.48
0.8887,-0.0361,0.1836,40.366,4.817,-13.841,0.9082,100742.82
0.8848,0.0752,0.0269,5.244,-25.549,-31.89,0.8884,100742.2
0.814,0.1602,-0.0845,-19.024,-30.488,-48.659,0.8339,100741.47
0.9727,0.1426,-0.0791,-13.72,-11.707,-35.732,0.9862,100741.56
0.8315,0.1177,-0.1606,-5.244,11.585,-3.476,0.8551,100742.0
0.8081,0.1001,0.1113,12.012,28.293,3.354,0.8219,100742.07
0.8594,0.0742,0.0928,9.268,-10.122,-18.72,0.8675,100742.89
0.9561,0.0967,-0.0679,-5.549,-11.646,-27.561,0.9633,100741.75
1.209,0.0801,-0.0586,-16.037,-0.244,-22.134,1.213,100741.66
1.1948,0.2466,-0.2021,-36.28,2.561,-1.829,1.2366,100740.85
1.2261,0.2725,-0.1582,-21.159,20.305,4.573,1.2659,100740.74
1.2974,0.2656,-0.082,0.061,15.793,10.0,1.3268,100740.27
1.1191,0.0713,0.1221,-12.012,33.171,20.549,1.128,100741.41
0.834,-0.021,0.1548,-23.11,9.512,1.89,0.8485,100740.92
0.7759,0.0381,0.0288,-12.195,-2.622,-0.183,0.7773,100740.42
0.9023,-0.0923,0.1074,-8.659,13.537,14.085,0.9134,100740.29
0.9834,-0.0146,-0.1099,0.976,-37.5,-8.659,0.9896,100739.84
0.9165,0.1313,-0.1523,-4.451,-51.951,-9.451,0.9383,100740.48
0.7432,0.0591,-0.0361,-29.085,-29.268,18.659,0.7464,100740.2
0.8066,-0.0225,-0.0518,-10.427,-39.817,11.951,0.8086,100740.01
0.938,-0.0098,-0.0879,7.012,-22.866,10.732,0.9421,100739.49
0.9517,0.0547,-0.1729,11.768,-18.171,14.634,0.9688,100739.09
1.0024,0.0771,-0.311,6.463,-2.744,21.89,1.0524,100738.93
1.0049,-0.0566,-0.1328,-2.439,43.537,39.329,1.0152,100738.95
1.0669,-0.0664,-0.127,4.695,23.537,14.146,1.0765,100739.7
1.2451,-0.0205,-0.2144,14.329,19.573,-8.415,1.2636,100739.89
1.439,-0.0176,-0.1665,3.415,32.988,-5.793,1.4487,100739.17
1.3315,0.0303,-0.0063,-18.598,23.293,1.829,1.3319,100738.74
0.9761,0.0566,0.1992,-9.39,20.244,8.232,0.9978,100739.18
0.6763,0.0645,0.2476,26.951,4.207,0.488,0.723,100739.52
0.7061,0.0273,0.1416,35.854,-0.732,-13.11,0.7206,100739.5
1.0903,0.0942,-0.1201,2.744,-0.427,-23.598,1.101,100738.62
1.1279,0.0684,-0.1631,-20.915,-13.902,-21.829,1.1417,100738.59
0.8062,0.1069,-0.0405,-12.012,-26.707,-21.768,0.8142,100739.19
0.7578,0.1602,0.1099,-4.939,12.134,-12.5,0.7823,100739.77
0.8281,0.1104,0.063,2.561,28.171,-1.159,0.8378,100739.59
0.9268,0.0312,0.0347,6.22,21.402,-11.341,0.9279,100740.33
1.0518,0.0464,-0.0815,-27.378,5.671,-35.122,1.0559,100740.12
0.9785,0.1406,-0.0396,-29.634,7.256,-21.585,0.9894,100739.62
0.9751,0.2041,-0.082,-17.378,19.573,8.415,0.9996,100739.7
1.2773,0.2158,-0.0996,10.854,13.232,6.402,1.2993,100739.42
1.335,0.2783,0.0005,0.915,3.354,-1.89,1.3637,100739.09
1.3164,0.1201,0.3237,-34.329,29.207,0.0,1.3609,100738.72
1.0757,0.0317,0.269,-13.232,-11.463,-10.244,1.1093,100738.43
0.7534,0.0225,0.0693,12.5,-30.793,3.232,0.7569,100738.35
0.7603,-0.0332,0.0864,22.073,1.829,17.439,0.7659,100737.91
0.8926,0.0244,-0.0479,22.012,-16.098,3.11,0.8942,100738.45
0.9072,0.0806,-0.0913,-20.793,-22.988,9.329,0.9154,100738.62
0.7964,0.0879,-0.0205,-27.195,-10.732,19.634,0.8015,100737.86
0.8003,-0.0371,0.0454,3.11,0.915,22.988,0.8024,100737.28
0.875,-0.0522,0.0425,12.195,-20.427,9.939,0.8776,100736.59
0.8462,0.0571,-0.1768,4.268,-22.988,11.768,0.8663,100735.48
0.9473,-0.0073,-0.1055,3.963,15.427,23.415,0.9531,100735.64
0.9976,-0.0068,-0.0957,5.0,18.598,23.78,1.0022,100736.63
0.9521,-0.0312,-0.0557,15.122,26.28,24.207,0.9543,100736.63
1.1426,-0.0493,-0.0098,21.341,19.573,5.549,1.1437,100736.4
1.3696,0.0366,-0.2891,1.22,4.939,-7.439,1.4003,100736.72
1.5146,0.0049,-0.1426,-4.878,20.732,-6.585,1.5214,100737.2
1.4995,0.0327,0.1904,-10.183,20.915,-2.439,1.5119,100737.2
0.8652,-0.0059,0.2832,3.354,-13.659,-6.89,0.9104,100737.31
0.5884,0.0288,0.2622,15.488,-6.89,-16.28,0.6448,100737.41
1.0103,0.0537,0.2007,27.561,-0.488,-24.207,1.0314,100737.37
1.1904,0.1543,-0.0405,8.72,-15.0,-23.72,1.2011,100737.07
1.001,0.1074,-0.0347,-16.829,-15.244,-21.341,1.0073,100738.1
0.8286,0.0996,0.126,-0.671,-22.744,-26.707,0.844,100738.0
0.7642,0.1006,0.0103,4.024,-11.829,-15.061,0.7708,100737.55
0.6914,0.0493,0.0947,28.232,-1.646,-5.061,0.6996,100737.67
0.7534,0.064,-0.0005,19.817,-21.22,-23.171,0.7561,100737.05
0.8833,0.1206,-0.1538,-2.866,-24.329,-33.232,0.9047,100735.98
1.0298,0.1636,-0.123,-9.146,-13.963,-24.024,1.0499,100735.66
1.064,0.271,-0.2539,2.866,0.122,-2.5,1.1269,100735.91
1.3086,0.291,-0.1797,5.488,7.256,9.817,1.3526,100736.12
1.1953,0.27,-0.0596,-6.28,2.988,28.049,1.2269,100735.43
1.144,0.1475,0.3022,27.012,31.585,22.927,1.1924,100735.89
1.1685,0.0625,0.2612,43.293,2.866,-9.634,1.1989,100735.37
0.8594,0.1245,-0.0137,63.78,-21.768,1.768,0.8685,100735.09
0.7856,0.0566,0.1626,88.659,10.671,29.512,0.8043,100734.75
0.8784,0.0894,0.041,69.695,-11.524,4.39,0.8839,100734.38
0.8691,0.1299,-0.0371,70.793,-15.427,-9.146,0.8796,100734.72
0.8872,0.0986,0.0552,89.146,0.183,-13.659,0.8944,100735.12
0.9121,0.1118,-0.04,108.049,-0.183,-18.354,0.9198,100735.9
0.9409,0.0645,0.0464,121.098,26.28,-4.634,0.9443,100736.23
0.8965,0.0366,0.0039,136.585,32.744,5.122,0.8972,100736.01
0.9844,0.1367,-0.0669,142.927,13.11,-17.195,0.9961,100735.7
0.9502,0.1436,-0.0151,164.268,2.744,-29.817,0.9611,100735.23
0.9331,-0.0933,-0.043,172.439,10.366,-32.683,0.9387,100734.62
1.123,-0.0596,0.0005,197.805,11.89,-38.537,1.1246,100734.79
1.1309,0.27,0.125,161.707,20.488,-31.89,1.1693,100735.05
0.9937,0.2378,-0.0161,117.988,10.244,-35.366,1.0218,100735.23
0.8428,0.1777,-0.1626,126.829,4.207,-25.915,0.8765,100735.35
0.8955,0.2339,-0.0664,126.951,41.951,2.927,0.9279,100735.34
0.9868,0.2437,0.1118,139.207,31.159,-12.073,1.0226,100735.33
0.9893,0.2954,-0.0928,115.549,6.524,-38.171,1.0366,100735.08
1.0083,0.1948,-0.103,123.476,29.878,-23.11,1.0321,100735.51
0.9688,0.1289,-0.04,135.671,28.232,-13.537,0.9781,100735.21
0.8833,0.1455,-0.0659,118.049,8.598,-25.427,0.8976,100735.37
0.9385,0.1875,-0.0688,94.451,8.11,-31.585,0.9595,100734.86
1.062,0.2373,-0.1367,62.622,9.817,-24.939,1.0968,100735.1
1.103,0.2065,-0.1699,57.439,4.939,-11.341,1.135,100735.66
1.0151,0.1904,-0.1914,76.707,5.549,0.915,1.0504,100735.33
0.9658,0.1431,-0.2388,81.646,-21.159,-10.427,1.0051,100735.84
1.1343,0.2373,-0.2246,72.012,-21.707,-14.024,1.1804,100735.73
1.1367,0.269,-0.0967,-2.622,1.768,-1.159,1.1721,100735.03
0.8857,0.2036,0.0146,-4.634,-19.634,-9.695,0.909,100734.62
0.7183,0.0146,-0.0464,45.061,-18.232,-0.61,0.7199,100734.58
1.1782,0.0825,-0.0562,60.183,28.415,16.098,1.1824,100734.66
1.1826,0.2144,-0.2129,21.89,-3.659,-6.646,1.2206,100734.59
0.8408,0.1333,-0.1948,37.256,-12.073,0.305,0.8733,100733.69
0.7227,0.0576,-0.0796,50.427,4.207,5.549,0.7293,100734.01
0.9126,0.1055,-0.1821,43.049,6.829,-5.61,0.9366,100733.73
0.8779,0.0771,-0.1685,47.866,3.476,-5.183,0.8973,100733.78
0.7563,0.0522,-0.1567,50.854,-8.293,-16.098,0.7742,100734.95
0.7295,0.0635,-0.1909,48.354,-11.341,-29.146,0.7567,100735.18
0.687,0.0127,-0.187,49.451,0.122,-29.024,0.7121,100735.61
0.6274,0.0186,-0.1968,58.902,-5.549,-30.915,0.6578,100734.43
0.791,0.0269,-0.2197,62.5,4.085,-21.646,0.8214,100734.55
1.0425,0.0112,-0.2983,46.341,-13.659,-20.671,1.0844,100734.27
0.9702,0.0205,-0.4531,23.415,-32.866,-12.622,1.071,100734.41
1.2339,0.0708,-0.1475,7.927,-1.829,8.11,1.2447,100734.91
1.3096,0.2285,-0.0605,7.073,-0.61,1.524,1.3307,100734.66
1.248,0.4175,-0.2549,-12.805,5.549,3.11,1.3405,100734.58
1.6226,0.3989,-0.2393,-37.317,48.232,-3.598,1.6879,100734.3
1.1958,0.1733,-0.3301,-5.732,-11.22,-40.0,1.2526,100734.21
0.5557,-0.0117,-0.2676,59.573,-22.805,-36.159,0.6168,100734.38
0.7129,0.0898,-0.1611,62.378,16.037,-15.183,0.7364,100735.29
0.7168,0.1753,-0.0713,11.402,13.659,3.049,0.7414,100735.46
0.75,0.189,-0.1865,-51.646,33.78,18.11,0.7956,100735.7
1.0244,0.269,-0.2148,-51.463,31.402,2.317,1.0807,100736.14
0.8062,0.3184,-0.1743,-5.549,-9.39,-11.585,0.8841,100736.33
0.5098,0.1992,-0.1582,0.732,-5.427,3.049,0.5697,100736.49
0.6172,0.1777,-0.3228,5.793,3.598,7.683,0.7188,100736.48
0.9492,0.2002,-0.3999,35.305,4.512,13.171,1.0493,100736.59
1.2329,0.1958,-0.1997,42.134,-20.305,0.854,1.2642,100737.02
1.2114,0.0498,0.04,-27.378,-1.098,-13.78,1.2131,100737.59
1.021,-0.0327,-0.0059,-32.744,2.073,-47.439,1.0215,100737.93
1.1108,0.0488,-0.1499,31.402,-20.793,-42.5,1.122,100737.91
1.3462,0.2817,-0.4751,-44.329,0.0,23.354,1.4551,100739.01
1.6162,0.1694,-0.1299,-70.671,40.183,13.537,1.6302,100739.09
0.9072,0.4248,-0.3096,-73.78,-31.646,-15.122,1.0485,100738.78
0.541,0.4639,-0.3081,3.293,6.89,32.561,0.7764,100738.55
0.6543,0.1074,-0.0605,57.439,77.439,82.805,0.6658,100738.39
0.7661,-0.064,-0.2041,30.61,15.976,22.988,0.7954,100738.38
0.7427,0.0088,-0.2568,15.854,-12.256,-11.585,0.7859,100738.73
0.5234,0.0073,-0.106,22.012,-18.11,2.195,0.5341,100738.86
0.7119,-0.0254,-0.1865,7.622,-25.122,-2.988,0.7364,100738.37
0.959,0.0254,-0.3994,10.61,-46.768,-20.61,1.0391,100738.11
1.0796,0.2671,-0.4165,12.683,-63.293,-34.085,1.1876,100738.54
1.2441,0.2207,-0.0972,-1.89,-24.085,-18.598,1.2673,100738.25
1.228,0.3428,0.0698,-50.122,45.976,21.951,1.2769,100738.77
1.25,0.5645,-0.0488,10.122,40.244,0.427,1.3724,100738.92
1.4248,0.3203,-0.333,57.317,36.037,6.829,1.4979,100738.66
1.3271,-0.144,-0.1035,93.293,21.768,-10.671,1.3389,100739.21
0.9351,-0.002,-0.0962,39.451,-28.354,-53.963,0.94,100740.27
0.605,0.1812,-0.1318,-25.244,-1.646,-26.829,0.6451,100740.41
0.6914,0.2559,-0.2432,-2.317,21.585,15.793,0.7763,100739.59
0.7642,0.2056,-0.1348,-16.463,13.902,7.5,0.8027,100739.68
0.8164,0.1997,-0.064,-39.207,5.61,0.915,0.8429,100739.59
0.7075,0.2563,-0.2183,-16.28,-25.427,-5.488,0.7835,100739.15
0.8608,0.3428,-0.3413,16.524,-41.28,-5.305,0.9874,100739.1
0.9507,0.3423,-0.3428,8.841,-38.11,-11.098,1.067,100739.31
1.0591,0.0215,0.0127,-8.415,-1.159,-21.098,1.0594,100739.7
1.1855,-0.042,0.0029,-23.963,19.939,-59.207,1.1863,100739.37
1.395,0.248,-0.3667,23.598,-1.28,-62.927,1.4636,100740.11
1.7124,0.4263,-0.4292,95.61,3.293,-16.098,1.8161,100740.3
1.231,0.2363,-0.083,-71.829,38.963,27.866,1.2562,100740.8
0.6919,0.3018,-0.1279,-113.902,38.354,34.756,0.7656,100741.7
0.5518,0.2017,-0.1328,27.5,38.78,57.988,0.6023,100741.86
0.5776,-0.0337,-0.0093,90.671,55.427,67.439,0.5787,100741.98
0.689,-0.0713,-0.145,83.659,4.146,-8.11,0.7077,100741.84
0.7568,0.0317,-0.3633,54.268,-60.305,-66.646,0.8401,100741.72
0.8643,-0.0234,-0.2607,-2.866,-9.024,-15.793,0.903,100741.4
1.0127,0.0366,-0.1079,-13.963,-6.037,0.915,1.0191,100741.65
0.8809,0.1714,-0.3271,0.793,-47.622,-5.793,0.9552,100741.35
1.0117,0.1426,-0.3535,28.78,-41.707,-0.915,1.0811,100740.87
1.1768,0.2354,-0.1426,-39.573,-2.805,30.732,1.2085,100741.63
1.2178,0.4302,0.0386,-62.805,35.671,60.183,1.2921,100742.45
1.3281,0.3394,-0.001,0.732,18.72,20.122,1.3708,100742.82
1.5825,0.1797,-0.1924,22.317,2.683,-26.098,1.6043,100742.73
1.0933,0.0918,-0.2622,12.256,-27.927,-39.024,1.128,100741.92
0.5347,0.147,-0.2158,5.122,-30.488,-21.341,0.595,100741.08
0.5361,0.2363,-0.2144,-38.171,23.415,18.476,0.6239,100741.43
0.8428,0.2969,-0.1812,-38.902,45.0,41.768,0.9117,100741.56
0.8984,0.2129,-0.1606,-44.39,19.146,23.598,0.9372,100741.91
0.7285,0.1763,-0.1143,-22.012,-4.817,-6.463,0.7582,100742.06
0.6411,0.2515,-0.147,-0.671,-3.598,-1.707,0.7042,100741.92
0.8149,0.2314,-0.3296,13.293,-0.183,11.402,0.909,100742.54
0.9839,0.1348,-0.3096,30.183,-15.854,15.366,1.0402,100743.65
0.9248,0.2144,-0.2769,2.439,-40.183,-15.122,0.9889,100744.23
1.1348,0.1479,0.0625,-24.207,-11.159,-38.963,1.1461,100742.94
1.3213,-0.0103,-0.0034,-2.378,20.549,-32.683,1.3213,100743.44
1.4136,0.0376,-0.2271,80.244,-12.073,-30.671,1.4322,100742.45
1.3853,0.3076,-0.269,9.817,-14.756,-17.378,1.4443,100742.48
1.0459,0.4482,-0.21,-99.939,29.634,14.756,1.1571,100742.73
0.7314,0.3003,-0.1055,-99.634,69.207,54.878,0.7977,100742.68
0.6772,0.1665,-0.0547,20.0,54.329,51.89,0.6996,100742.64
0.6655,0.0562,-0.126,87.195,11.28,12.805,0.6797,100742.73
0.6455,-0.0752,-0.1401,43.598,-4.939,-11.585,0.6648,100743.8
0.7109,-0.1226,-0.1646,17.439,-5.061,-12.683,0.74,100743.84
1.0137,-0.1079,-0.0781,28.171,-10.427,-18.171,1.0224,100744.12
1.0068,0.1401,-0.1938,4.207,-32.805,-20.061,1.0349,100744.45
0.8608,0.2593,-0.3735,-4.329,-58.78,-21.829,0.9735,100745.23
1.0703,0.2632,-0.3838,-14.878,-43.171,-5.183,1.1671,100745.29
1.1743,0.188,-0.0269,-23.354,12.012,34.573,1.1896,100745.73
1.0967,0.3257,0.1099,-45.61,29.573,46.341,1.1493,100746.05
1.2637,0.4019,-0.1069,-27.134,16.28,18.11,1.3303,100746.29
1.4585,0.3081,-0.3359,33.415,10.183,7.439,1.5281,100745.61
1.2368,0.064,-0.106,49.39,8.171,-0.183,1.243,100745.08
0.9194,0.0869,-0.0723,20.183,-16.524,-33.354,0.9264,100744.59
0.6245,0.1167,-0.1606,-15.122,-6.037,-20.549,0.6553,100744.32
0.6411,0.1489,-0.2109,0.427,17.5,1.28,0.6912,100744.12
0.7012,0.1587,-0.1992,15.305,8.11,3.72,0.746,100744.71
0.7759,0.1826,-0.0571,-9.878,19.39,1.646,0.7991,100744.04
0.7607,0.2808,-0.0552,-71.89,25.976,5.793,0.8128,100744.27
0.6821,0.2666,-0.2212,-30.61,8.171,4.207,0.7651,100744.95
0.8945,0.2793,-0.2886,69.024,-15.427,-10.671,0.9805,100745.08
1.0142,0.2148,-0.2266,86.89,-60.0,-33.171,1.0611,100744.93
1.2012,-0.1528,0.0781,-16.098,22.988,-14.451,1.2134,100744.95
1.375,-0.1685,0.1016,-37.439,53.049,-14.451,1.389,100746.2
1.6235,0.2334,-0.0337,21.585,8.354,-29.512,1.6406,100746.41
1.439,0.5137,-0.2173,16.585,-34.512,-25.61,1.5433,100745.95
0.9526,0.3433,-0.2021,-45.671,-12.622,7.683,1.0326,100745.59
0.6836,0.2227,-0.2358,-56.768,33.293,35.976,0.7566,100744.97
0.7534,0.0586,-0.2026,22.256,27.195,33.476,0.7824,100744.74
0.6528,0.0278,-0.0171,51.22,-8.78,3.232,0.6536,100744.93
0.4009,0.0479,-0.1396,-15.915,-22.5,-5.976,0.4272,100745.2
0.373,-0.1411,-0.103,-32.744,9.268,17.439,0.4119,100745.91
0.7983,-0.0762,-0.1265,16.707,7.744,11.098,0.8119,100747.05
1.2065,0.1577,-0.2017,45.61,-33.841,-17.073,1.2334,100746.8
1.3047,0.3667,-0.5073,-0.244,-63.293,-31.646,1.4471,100747.76
1.4414,0.2939,-0.1064,-46.341,-7.012,5.671,1.4749,100747.95
1.1084,0.3955,0.062,-85.488,45.488,55.366,1.1785,100747.49
1.2568,0.333,0.0479,-30.061,57.073,25.671,1.3011,100748.12
1.6245,0.314,0.0142,56.463,31.098,-9.634,1.6546,100747.85
1.1865,0.127,-0.1616,33.72,-1.402,-11.22,1.2042,100748.41
0.5068,-0.0073,-0.0635,30.61,-26.463,-20.61,0.5108,100749.59
0.5566,0.2026,-0.1758,11.646,-6.22,-23.841,0.6179,100749.33
0.7246,0.2158,-0.1719,-5.427,36.159,4.207,0.7754,100749.27
0.853,0.1914,-0.0776,12.561,22.866,4.939,0.8777,100749.34
0.7256,0.166,-0.0283,-18.902,2.927,-7.012,0.7449,100749.77
0.5674,0.1309,0.0098,-23.78,-6.646,-4.451,0.5824,100750.23
0.8145,0.2676,-0.2798,12.317,-11.159,10.488,0.9018,100749.71
1.0791,0.2725,-0.1348,31.159,-23.72,15.244,1.1211,100749.68
1.1084,0.0859,0.0088,-7.866,-16.951,1.829,1.1118,100749.65
1.2969,-0.0615,0.0176,-18.659,15.244,-29.756,1.2985,100749.74
1.5566,0.1357,-0.0259,54.695,-12.805,-48.72,1.5628,100749.96
1.4399,0.4175,-0.2896,31.768,-22.073,-19.024,1.5269,100749.86
1.1816,0.2212,-0.106,-21.159,3.11,1.585,1.2068,100750.16
0.8096,0.1167,-0.2251,-66.585,14.634,11.951,0.8483,100750.64
0.6206,0.125,-0.1255,-39.939,30.732,36.22,0.6454,100750.88
0.5376,0.0967,-0.0146,-2.134,43.78,49.268,0.5464,100751.29
0.5229,-0.0513,-0.0312,20.427,9.512,12.195,0.5264,100751.23
0.6504,-0.1929,-0.2007,51.098,-42.805,-27.683,0.7074,100751.06
0.9336,0.0073,-0.2827,47.5,-54.756,-22.988,0.9755,100751.69
1.2241,0.188,-0.2651,17.622,-72.805,-20.244,1.2665,100752.03
1.3823,0.3374,-0.3291,-51.037,-72.622,-3.72,1.4605,100752.79
1.0933,0.27,-0.1479,-83.232,6.524,45.061,1.1358,100751.88
1.0625,0.4385,0.1626,-46.524,33.902,42.317,1.1609,100751.8
1.2661,0.374,-0.1797,-3.415,11.585,-2.012,1.3324,100751.98
1.6396,0.2212,-0.2891,103.78,2.317,-22.439,1.6796,100752.12
1.0688,0.0811,-0.1553,35.305,-15.122,-9.878,1.0831,100751.74
0.5879,0.1406,0.0127,-13.902,-23.598,-8.841,0.6046,100751.71
0.5923,0.2427,-0.1348,-37.439,10.122,11.22,0.6541,100752.19
