ax,ay,az,gx,gy,gz,avm,pressure
0.7871,0.0283,0.0283,16.402,-28.11,15.0,0.7881,100739.06
0.8569,-0.0342,-0.0273,21.829,-27.012,13.902,0.8581,100740.01
0.8384,-0.0195,-0.0381,22.5,-23.659,20.793,0.8395,100739.98
0.8262,-0.0024,-0.1309,12.378,-8.293,23.171,0.8365,100740.45
0.9614,0.0586,-0.1626,9.634,10.122,21.402,0.9768,100740.41
0.9551,0.0679,-0.0674,16.22,9.939,18.72,0.9599,100740.15
0.9668,-0.0215,-0.1133,8.293,21.829,13.537,0.9736,100739.46
1.2217,0.0273,-0.1592,11.829,14.085,-2.988,1.2323,100739.34
1.2646,0.0527,-0.2949,11.829,1.159,-8.415,1.2997,100740.34
1.4395,0.0171,-0.1396,24.634,15.915,-7.256,1.4463,100739.87
1.416,0.0718,0.1841,8.11,12.866,-10.061,1.4297,100739.02
0.9385,-0.0146,0.0259,-14.939,-8.171,-18.902,0.9389,100738.38
0.7285,-0.0645,0.0522,29.39,-12.561,-23.171,0.7332,100738.27
0.7881,0.043,0.2051,49.878,-4.878,-20.61,0.8155,100737.69
0.9053,0.1694,-0.0322,-3.11,6.89,-20.732,0.9216,100738.86
1.0332,0.1904,-0.1094,-16.524,2.561,-24.146,1.0563,100738.12
0.9043,0.1392,-0.1113,4.329,-1.22,-15.366,0.9217,100738.59
0.7295,0.0884,0.0117,17.561,3.902,-12.134,0.7349,100739.03
0.7495,0.1216,0.0293,17.256,13.598,-13.049,0.7599,100739.25
0.8384,0.0991,-0.0122,15.183,22.805,-4.817,0.8443,100739.16
0.8687,0.0991,-0.0718,12.866,5.732,-13.293,0.8772,100739.48
0.8789,0.1226,-0.0503,-9.634,7.561,-17.622,0.8888,100738.59
1.0146,0.1807,0.0103,-15.305,21.159,-5.854,1.0307,100738.68
1.1997,0.2773,-0.0771,-9.451,13.476,-5.488,1.2338,100737.25
1.4258,0.189,0.2026,-15.854,29.207,12.317,1.4525,100737.36
1.3022,0.1899,0.209,2.439,-5.0,-4.024,1.3325,100737.9
0.7549,0.0703,0.0449,22.195,-26.707,25.915,0.7595,100737.44
0.5454,-0.144,0.2407,33.72,4.573,47.622,0.6133,100736.84
0.8623,-0.0078,0.1445,24.695,-18.354,2.988,0.8744,100737.61
1.0151,0.2012,-0.1719,13.232,-40.732,-17.012,1.0491,100737.45
0.9424,0.1606,0.0073,29.512,-16.402,9.39,0.956,100737.45
0.8901,0.0303,0.0444,55.488,-9.512,15.244,0.8918,100736.73
0.8545,-0.0708,0.0454,76.341,-21.89,-1.829,0.8586,100736.94
0.8394,-0.0093,-0.0659,77.195,-20.427,-3.841,0.842,100735.6
0.8789,0.0439,-0.0825,77.012,9.024,13.72,0.8839,100736.08
0.9424,0.0547,-0.1133,76.707,11.159,15.244,0.9507,100735.84
0.8906,0.0635,-0.1265,88.293,21.951,27.683,0.9018,100736.15
0.9487,-0.002,0.002,107.439,29.39,31.28,0.9487,100737.38
1.0186,-0.0063,-0.085,92.439,10.488,15.793,1.0221,100736.55
1.0386,0.0303,-0.2344,94.39,15.427,2.317,1.0651,100736.93
1.2466,0.0273,-0.2173,118.171,9.268,-16.585,1.2657,100736.59
1.1172,-0.043,-0.127,129.695,-5.183,-28.354,1.1252,100736.1
1.166,0.1104,0.2881,144.085,16.585,-31.037,1.2061,100735.84
0.9058,0.1855,0.4194,128.293,-6.341,-44.024,1.0153,100735.04
0.9048,0.1885,0.0991,115.976,6.829,-33.902,0.9295,100734.54
1.1816,0.2441,0.0967,132.439,42.012,4.634,1.2105,100735.69
1.043,0.2271,0.1982,146.341,19.329,10.793,1.0856,100735.79
0.9102,0.2041,0.1621,137.744,3.354,-26.28,0.9467,100734.91
0.9453,0.231,0.1338,145.305,27.927,-6.22,0.9823,100734.21
0.8843,0.1084,0.144,161.098,25.305,-1.159,0.9025,100734.18
0.7881,0.124,0.103,160.549,1.951,-20.0,0.8044,100733.3
0.8218,0.187,0.0952,139.329,3.293,-25.305,0.8481,100734.62
0.8989,0.2441,0.0908,130.122,13.354,-20.183,0.9359,100733.99
0.9941,0.2017,0.1157,131.463,13.963,-16.707,1.021,100733.91
1.1035,0.208,0.0298,122.073,6.89,-21.22,1.1233,100734.82
1.0415,0.2114,-0.002,114.451,-19.024,-21.341,1.0627,100735.4
0.8989,0.1484,-0.0103,87.866,-20.732,-5.427,0.9112,100735.07
1.0015,-0.0537,0.2168,59.085,11.402,2.378,1.0261,100734.09
1.022,-0.0474,0.0454,30.976,-11.524,-26.402,1.0241,100732.98
0.876,0.0537,-0.1294,72.561,-19.39,-15.854,0.8871,100732.16
1.0459,0.0332,-0.0542,80.976,29.939,36.585,1.0478,100732.27
1.314,0.1299,-0.1221,36.22,31.037,27.683,1.326,100732.02
0.9702,0.1357,-0.1465,32.5,-15.183,-15.244,0.9906,100731.94
0.6816,0.1001,-0.0757,59.39,-16.524,-12.805,0.6931,100732.48
0.8442,0.0361,-0.0879,76.341,17.683,7.012,0.8496,100731.92
1.0107,0.0259,-0.1299,69.268,13.476,1.159,1.0194,100732.23
0.9614,0.1201,-0.1958,54.451,-4.573,-16.341,0.9885,100730.74
0.8218,0.1685,-0.1582,38.293,-7.378,-23.232,0.8537,100730.49
0.8638,0.1328,-0.1743,38.902,-2.622,-22.744,0.8911,100731.41
0.8374,-0.0049,-0.1699,41.159,14.512,-16.951,0.8545,100732.98
0.7285,-0.0522,-0.0278,48.659,13.78,-14.146,0.7309,100733.29
0.835,0.0674,-0.2231,43.841,-5.183,-1.037,0.8669,100732.66
1.1094,-0.0771,-0.3604,63.354,-37.195,-12.073,1.169,100733.16
1.2285,-0.042,-0.3374,27.195,-34.695,-11.22,1.2747,100733.55
1.4106,0.1538,0.165,-16.646,-12.927,-4.207,1.4286,100732.96
1.0742,0.3809,0.1294,-67.317,-1.951,20.0,1.1471,100734.01
0.8682,0.2461,-0.1094,-26.951,12.988,22.622,0.909,100733.93
1.0317,0.1377,-0.3945,44.756,-2.439,-7.744,1.1131,100734.24
1.3389,0.1753,-0.1313,47.805,29.207,-2.378,1.3567,100734.11
1.1958,0.2686,0.1567,-42.256,48.354,-3.659,1.2356,100734.88
0.7495,0.1846,-0.0991,-32.378,1.524,-21.037,0.7782,100733.47
0.7314,0.0889,-0.3506,20.305,9.634,-0.183,0.816,100733.29
0.77,0.231,-0.1719,36.098,13.354,11.524,0.8221,100733.89
0.7207,0.2876,-0.1069,6.524,1.159,5.061,0.7833,100734.24
0.7344,0.1587,-0.0498,-2.012,7.073,5.671,0.753,100733.99
0.729,0.064,-0.0161,7.927,5.793,8.78,0.732,100734.43
0.9395,0.1543,-0.1445,17.561,-6.768,-0.915,0.9629,100735.02
1.1562,0.2607,-0.1426,15.305,-24.207,-14.695,1.1938,100734.58
1.207,0.0723,0.0986,-12.439,-6.89,-20.854,1.2132,100734.24
1.1221,-0.1226,0.1211,-13.11,19.024,-13.537,1.1352,100734.38
1.2485,-0.0801,-0.0493,28.11,8.049,-17.927,1.2521,100734.7
1.2803,0.3369,-0.3691,51.037,-29.512,-28.476,1.3744,100735.09
1.3018,0.2734,-0.3037,9.756,-7.256,-12.378,1.3644,100736.71
1.0967,0.1006,-0.1123,-79.695,65.488,28.415,1.107,100737.09
0.8096,0.2036,0.0513,31.768,40.244,22.561,0.8364,100737.73
0.5586,0.1357,0.1235,87.927,6.098,27.988,0.588,100737.09
0.6714,-0.1089,-0.1753,73.598,-5.671,0.0,0.7024,100737.36
0.8315,-0.1626,-0.2983,56.89,-12.317,-17.439,0.8983,100737.07
0.708,-0.0864,-0.1401,3.11,-19.085,-15.061,0.7269,100736.59
0.7441,0.0117,-0.0767,-16.463,-12.561,-4.695,0.7482,100735.88
1.0596,0.0737,-0.126,-10.366,-22.073,-8.72,1.0696,100736.2
1.21,0.251,-0.4282,-58.11,-42.683,-8.11,1.3078,100736.45
1.1509,0.23,-0.2197,-30.793,-24.817,3.841,1.194,100736.65
1.0854,0.1938,0.1245,-22.622,12.439,32.012,1.1096,100736.41
1.2139,0.2676,0.1748,-13.171,11.037,24.085,1.2552,100736.62
1.3096,0.1304,-0.1523,4.451,-3.171,-14.634,1.3248,100736.14
1.1973,0.0669,-0.3032,21.524,-6.646,-23.659,1.2369,100736.52
1.127,0.1167,-0.0103,8.354,25.122,-8.902,1.133,100736.19
0.9209,0.2461,0.0586,-38.354,25.671,-19.207,0.955,100736.45
0.6562,0.1724,-0.1528,-37.378,17.622,-11.768,0.6955,100736.13
0.6382,0.1309,-0.2153,4.024,24.695,11.585,0.6861,100737.13
0.5981,0.1582,-0.1426,11.28,2.195,11.341,0.6349,100737.38
0.5811,0.1426,-0.1182,-14.207,-7.622,5.427,0.6098,100737.46
0.8682,0.2227,-0.0684,-21.037,8.537,9.878,0.8989,100737.16
1.1509,0.252,-0.0493,-10.732,1.463,16.037,1.1792,100737.91
1.0054,0.2788,-0.2363,2.012,-42.805,-11.524,1.0697,100737.38
1.0776,0.1216,-0.1191,-15.061,-42.622,-28.78,1.091,100738.81
1.0718,-0.0991,0.0127,-21.524,22.134,9.146,1.0764,100739.89
1.4146,-0.1255,0.084,31.768,41.585,14.512,1.4226,100739.22
1.6777,0.1265,-0.1133,14.817,-30.976,-44.207,1.6863,100739.2
1.1187,0.4341,-0.3501,-59.146,-44.634,-37.317,1.25,100739.67
0.8237,0.271,-0.1748,-45.061,26.768,25.793,0.8846,100740.92
0.8154,0.0425,-0.0308,-2.073,42.744,54.146,0.8171,100740.76
0.7461,-0.0371,-0.0327,40.488,14.878,29.512,0.7477,100741.0
0.5996,-0.082,-0.1074,33.171,-5.671,1.463,0.6147,100741.05
0.5015,-0.1221,-0.1279,12.866,-25.61,-16.707,0.5317,100742.21
0.6543,0.0122,-0.1846,-2.317,-15.793,-6.463,0.6799,100742.7
0.8882,0.0723,-0.0723,-32.561,3.171,3.354,0.894,100742.7
1.0317,0.2661,-0.2383,-42.927,-37.622,-23.293,1.0918,100743.45
1.4116,0.2661,-0.3247,-18.598,-28.415,-9.573,1.4727,100743.38
1.3506,0.1538,0.0068,23.902,-6.463,38.902,1.3593,100742.96
1.1406,0.374,0.168,62.439,-15.183,40.366,1.2121,100742.89
1.5381,0.1562,-0.0898,1.159,27.5,-5.244,1.5486,100742.23
1.7095,0.0591,-0.3423,-20.305,12.256,-51.89,1.7444,100743.1
0.6743,0.064,-0.0972,46.402,-24.634,-41.768,0.6843,100742.02
0.4678,0.1929,0.0547,31.463,-1.524,-21.768,0.5089,100742.55
0.5615,0.2676,-0.3477,-36.646,10.061,4.329,0.7126,100742.84
0.6367,0.1528,-0.2666,9.207,32.073,28.659,0.707,100743.41
0.8706,0.082,-0.0122,34.451,29.39,12.866,0.8745,100743.22
1.0249,0.2046,-0.062,-3.476,12.012,-19.878,1.047,100744.2
0.8545,0.2197,-0.1294,-5.671,5.976,-1.159,0.8917,100743.94
0.7314,0.1069,-0.1875,2.5,-8.476,21.585,0.7626,100743.14
0.8477,0.1426,-0.1455,-23.598,-6.524,24.573,0.8718,100743.64
0.9683,0.04,0.0103,-21.463,-8.293,12.5,0.9691,100744.39
1.3784,-0.1704,0.0869,-7.134,30.244,-7.5,1.3916,100744.09
1.6826,-0.0469,0.0747,49.939,22.317,-42.683,1.6849,100744.1
1.3745,0.5068,-0.3218,1.951,-38.72,-35.061,1.4999,100744.23
0.9238,0.2427,-0.1338,-44.573,19.207,14.146,0.9645,100743.35
0.7393,0.0083,-0.1885,-26.829,37.744,20.366,0.763,100743.67
0.6929,0.0747,-0.1699,22.012,12.744,26.646,0.7173,100743.55
0.8037,0.0288,-0.0601,39.573,20.793,37.683,0.8065,100743.2
0.7866,-0.1831,-0.1284,65.244,1.707,14.39,0.8178,100743.83
0.8203,-0.2383,-0.0166,65.915,-15.183,-20.549,0.8544,100743.52
0.8096,0.0698,-0.1831,-21.159,-42.439,-20.854,0.833,100743.55
0.9658,0.1348,-0.2939,-62.378,-27.622,-3.598,1.0185,100743.71
1.0972,0.1694,-0.3276,-47.256,-41.585,-13.963,1.1575,100743.46
1.2354,0.2324,-0.2246,-59.817,-34.024,4.146,1.2769,100744.02
1.1621,0.2852,0.0815,6.89,19.817,68.415,1.1994,100744.07
1.1611,0.2134,0.2988,40.915,27.561,40.183,1.2178,100744.48
1.5479,-0.002,-0.2974,22.012,4.39,-38.232,1.5762,100745.15
1.4448,-0.0811,-0.1738,24.634,11.768,-17.622,1.4575,100746.27
0.897,-0.022,0.2031,-18.11,29.634,-16.951,0.9199,100746.01
0.7637,0.1899,0.0225,-46.037,21.28,-38.659,0.7873,100745.69
0.7119,0.2339,-0.2446,-31.646,26.037,2.622,0.7883,100745.31
0.6226,0.1196,-0.1089,8.293,31.037,35.061,0.6432,100745.76
0.5718,0.0815,-0.103,-17.073,5.488,21.22,0.5867,100745.63
0.6294,-0.0371,0.0278,-27.256,9.939,13.293,0.6311,100744.38
0.6763,0.0254,-0.0103,-12.561,-11.341,3.902,0.6768,100745.96
0.8589,0.2056,-0.1035,-9.085,-14.207,3.293,0.8892,100746.02
1.1792,0.3267,-0.0645,-60.305,4.146,3.659,1.2253,100747.04
1.2705,-0.1768,-0.0522,0.183,13.049,-24.024,1.2838,100746.17
1.8926,-0.1206,0.0771,108.049,7.561,-24.634,1.898,100746.55
1.6108,0.3457,-0.0688,36.768,-46.524,-20.366,1.649,100746.45
0.9282,0.2661,-0.2847,-36.037,-43.11,-20.854,1.0067,100747.0
0.8193,0.0742,-0.269,-2.927,4.878,1.89,0.8656,100746.68
0.8384,0.1016,-0.0278,20.732,38.171,39.512,0.845,100747.05
0.8086,0.0352,0.0913,-1.829,37.073,37.683,0.8145,100748.32
0.6143,-0.0757,-0.0845,7.866,-10.0,6.768,0.6246,100748.16
0.3901,-0.1074,-0.2153,26.159,-26.768,3.232,0.4584,100749.18
0.4858,-0.1802,-0.1118,32.866,-4.634,20.366,0.5301,100749.16
0.9282,-0.1509,-0.0122,35.061,-10.061,-7.317,0.9405,100748.44
1.3027,0.0806,-0.2358,-39.634,-50.488,-47.5,1.3264,100749.36
1.5161,0.3042,-0.3242,-94.024,-22.073,-10.488,1.58,100748.33
1.1841,0.2207,0.1289,-25.854,38.72,60.244,1.2114,100748.2
1.1704,0.2808,0.3232,52.866,19.695,7.683,1.2463,100749.06
1.6074,0.187,-0.1895,-20.366,24.085,-19.512,1.6293,100748.59
1.6743,0.1118,-0.2524,1.524,16.341,-16.829,1.6969,100748.38
0.8228,0.0308,0.1099,50.549,4.878,-13.902,0.8306,100747.58
0.5483,0.0547,0.0845,44.573,0.122,-36.341,0.5575,100747.24
0.6074,0.0186,-0.1543,-23.171,12.317,-15.183,0.627,100747.84
0.6313,0.1001,-0.1514,-26.402,17.805,17.256,0.6569,100748.29
0.5767,0.0815,-0.02,-22.317,15.976,25.366,0.5827,100748.52
0.6006,0.1279,0.0601,-34.573,-5.549,4.939,0.617,100748.32
0.7676,0.2437,-0.0996,-38.171,-11.037,-2.317,0.8115,100748.54
1.1006,0.3037,-0.1875,-2.439,-9.512,12.012,1.157,100748.58
1.2837,0.3076,-0.1938,8.902,-32.5,15.366,1.3342,100748.34
1.1982,-0.043,0.0571,-18.232,-10.488,-6.098,1.2004,100749.67
1.1387,-0.1431,0.0762,14.451,5.915,-24.329,1.1501,100750.17
1.2974,-0.1797,0.0498,77.195,10.549,-6.341,1.3107,100750.17
1.5293,0.1416,-0.1118,19.939,-13.963,-17.866,1.5399,100750.8
1.1519,0.208,-0.2476,-30.488,-21.28,-35.732,1.1964,100751.15
0.9053,0.1514,-0.1704,-64.756,16.159,-8.598,0.9335,100751.52
0.6548,0.0977,-0.0068,7.561,21.159,32.317,0.6621,100751.06
0.5405,0.0649,-0.0513,64.024,6.829,36.22,0.5468,100750.23
0.5356,-0.0112,-0.1968,68.963,-24.939,11.89,0.5708,100750.48
0.6045,-0.0859,-0.2842,46.098,-21.829,6.89,0.6735,100750.79
0.9858,-0.21,-0.1855,20.732,3.537,2.988,1.0249,100750.89
1.1328,-0.0962,-0.0342,21.28,-29.085,-24.085,1.1374,100751.11
1.2266,0.1411,0.0137,0.183,-32.073,-23.598,1.2347,100751.02
1.4111,0.4282,0.127,-56.585,30.061,8.963,1.4801,100751.44
1.6138,0.439,0.0015,-39.573,29.329,9.085,1.6724,100750.9
1.6406,0.1377,-0.333,26.524,13.171,11.22,1.6797,100750.23
1.1333,-0.0571,0.0415,86.28,5.244,3.963,1.1355,100750.73
0.6772,0.0767,0.0474,7.256,-33.598,-44.817,0.6832,100750.96
0.52,0.0449,-0.0562,-7.683,-16.037,-37.073,0.525,100752.02
0.5029,0.1377,-0.1357,-5.427,-1.89,-8.78,0.5388,100752.08
0.5923,0.2544,-0.188,-7.073,1.951,16.037,0.6715,100751.12
0.5576,0.2607,0.0283,22.195,22.012,22.805,0.6162,100751.29
0.8115,0.3618,-0.2603,-0.976,12.012,-2.134,0.9259,100751.89
1.2285,0.2817,-0.2759,55.427,38.11,18.293,1.2902,100752.22
1.3906,0.2832,-0.2314,97.744,21.829,30.549,1.4379,100752.84
1.145,0.3252,-0.3213,104.268,-77.622,-24.268,1.2329,100753.19
0.9941,-0.0215,0.0317,93.354,-44.451,-43.293,0.9949,100753.06
1.1895,-0.1426,0.2183,79.329,-6.28,-70.915,1.2177,100753.59
1.6431,0.3726,0.0166,81.524,6.22,-90.671,1.6849,100754.48
1.731,0.6064,-0.1299,131.402,65.305,-25.854,1.8387,100754.66
1.0044,0.1685,-0.0649,148.049,24.268,-8.171,1.0205,100754.19
0.4604,0.1729,-0.1519,112.805,8.354,-11.707,0.5147,100754.56
0.5679,0.2446,0.1338,172.012,61.341,11.829,0.6326,100754.49
0.7544,0.1514,0.2222,190.61,73.171,27.561,0.8009,100753.93
0.7964,-0.0903,0.0767,217.561,41.707,5.0,0.8052,100754.5
1.2666,-0.022,0.0176,208.659,39.939,-29.573,1.2669,100753.93
1.2466,0.1289,-0.0503,147.622,21.768,-36.402,1.2542,100753.9
1.0142,0.1001,-0.1211,160.854,0.61,-39.939,1.0263,100754.61
0.894,0.085,-0.0479,155.122,-2.012,-37.927,0.8993,100754.41
1.0298,0.2197,-0.0112,122.561,13.415,-22.622,1.053,100754.39
1.0869,0.1592,0.1802,134.695,27.439,-8.293,1.1132,100754.5
0.8896,0.1206,0.1777,155.732,-12.622,-26.585,0.9152,100754.07
0.8491,0.1387,0.0381,128.598,-0.976,-10.549,0.8612,100753.87
1.125,0.1045,-0.0044,115.183,57.073,15.244,1.1299,100754.34
1.1934,0.0615,0.0283,122.622,45.61,-17.805,1.1953,100754.57
1.0044,0.167,-0.0054,100.61,17.5,-46.829,1.0182,100755.46
0.9551,0.1724,-0.019,79.512,42.683,-23.963,0.9707,100756.05
0.9678,0.0127,-0.0088,81.768,66.707,6.768,0.9679,100755.62
0.9634,-0.0171,0.0098,53.476,28.476,1.951,0.9636,100755.15
0.9277,0.127,-0.0176,22.439,3.78,-11.037,0.9365,100756.18
1.0146,0.2578,-0.0112,22.012,-5.061,-12.866,1.047,100754.97
0.8975,0.2749,-0.0205,24.756,-11.159,-0.061,0.9388,100754.29
0.9287,0.2769,-0.062,30.305,22.012,12.439,0.9711,100754.8
0.9561,0.2397,-0.0015,42.683,14.207,10.488,0.9857,100754.07
0.8867,0.2705,-0.1758,44.817,-4.817,8.659,0.9436,100754.13
1.0972,0.1973,-0.0581,36.341,21.037,10.854,1.1163,100754.69
1.3145,0.2715,-0.0269,4.207,15.671,-3.841,1.3425,100754.61
1.3105,0.3472,-0.0308,-15.793,16.768,-3.963,1.3561,100754.91
1.251,0.2119,0.1377,28.171,16.89,-12.073,1.2762,100754.91
1.0713,0.1895,-0.0737,38.476,-28.354,-20.61,1.0904,100755.52
0.8784,-0.0352,0.1704,34.512,-7.988,22.988,0.8955,100755.61
0.8696,-0.2197,0.3564,25.732,-5.427,18.841,0.9652,100755.3
1.1836,-0.0889,0.1343,23.476,-35.244,-35.366,1.1945,100755.46
1.2266,-0.0137,-0.2129,42.744,-21.341,-26.646,1.245,100755.67
1.0513,0.0615,-0.1353,67.927,7.561,24.634,1.0617,100755.1
0.8633,0.0615,0.0049,62.988,10.671,45.244,0.8655,100754.18
0.6968,-0.1445,0.1001,64.634,-19.573,25.976,0.7186,100753.62
0.791,-0.1377,-0.0957,50.915,-36.098,-9.573,0.8086,100752.45
0.8569,-0.0107,-0.0908,45.61,-21.037,-13.171,0.8618,100752.45
0.9028,0.0439,-0.1392,34.878,-5.061,-2.5,0.9146,100751.82
0.9712,-0.085,-0.1509,39.756,4.817,13.354,0.9865,100751.11
0.9019,-0.1113,-0.1172,48.354,-8.415,18.232,0.9162,100750.56
0.9292,-0.0859,-0.2695,42.927,5.0,25.854,0.9713,100750.52
0.9302,-0.1353,-0.2368,42.256,57.561,59.207,0.9693,100751.6
1.124,-0.189,-0.0498,21.585,69.878,35.488,1.1409,100751.06
1.4062,0.0654,-0.2212,-27.378,25.488,-40.915,1.425,100751.91
1.4316,-0.0854,-0.1934,-15.061,19.756,-19.634,1.4472,100752.64
1.4165,-0.0454,0.1782,31.463,8.659,3.659,1.4284,100752.35
1.0283,0.0005,0.2358,22.866,0.793,15.0,1.055,100751.49
0.75,-0.0845,0.186,32.927,8.171,27.256,0.7773,100751.11
0.8032,-0.1836,0.23,37.439,8.171,5.122,0.8554,100750.81
0.9976,-0.0171,0.21,20.793,-27.561,-49.146,1.0196,100750.98
1.0757,0.1191,-0.0371,-24.695,-42.988,-59.939,1.0829,100751.07
0.856,0.0938,-0.0591,-14.817,-47.988,-46.707,0.8631,100749.55
0.7808,0.0098,0.0469,7.256,-26.89,-37.561,0.7822,100749.4
0.8262,0.0513,-0.0542,18.598,-21.768,-37.317,0.8295,100749.16
0.8896,0.0479,-0.0444,6.951,-11.341,-24.634,0.892,100749.59
0.9292,0.0679,-0.1162,-29.512,-1.098,-21.037,0.9389,100749.83
1.0625,0.1719,-0.2769,-43.293,-22.927,-27.805,1.1113,100749.98
1.1309,0.2051,-0.2417,-27.5,5.183,-1.22,1.1744,100749.87
1.3423,0.2373,-0.1274,-22.439,6.951,-6.037,1.369,100751.49
1.1323,0.1753,-0.1099,-37.622,-14.573,11.037,1.1511,100750.48
0.9004,0.0186,0.1416,-1.951,8.963,7.622,0.9116,100750.34
1.0054,0.0254,0.0103,0.305,3.415,-21.22,1.0057,100749.4
1.0776,0.0996,-0.1572,10.366,-5.061,-2.988,1.0936,100749.8
0.9302,0.1411,-0.0879,22.683,16.037,31.037,0.9449,100750.59
0.7964,0.0933,-0.0229,6.951,-6.159,17.561,0.8022,100750.57
0.7588,-0.0464,-0.103,5.915,-21.402,7.561,0.7672,100750.91
0.7891,-0.1494,0.0278,24.756,4.695,24.756,0.8036,100750.43
0.8882,0.0244,-0.0171,18.72,6.402,15.854,0.8887,100749.72
0.9023,0.123,-0.2212,-10.427,12.439,22.683,0.9372,100749.66
0.9507,0.1001,-0.229,-12.317,33.11,37.256,0.983,100749.74
1.0181,0.0322,-0.2764,4.756,38.171,31.159,1.0554,100750.05
1.4106,-0.0107,-0.2207,21.22,45.366,21.341,1.4278,100750.29
1.4014,-0.1162,-0.083,17.561,27.317,11.341,1.4086,100750.23
1.166,-0.1577,0.1519,24.573,-13.171,-14.451,1.1864,100748.2
1.0166,0.1206,0.3232,36.098,-3.049,-25.61,1.0736,100748.8
0.9116,0.1396,0.3818,36.585,-11.22,-42.805,0.9982,100747.99
0.9634,0.1235,-0.04,3.476,-30.183,-51.22,0.9721,100746.52
1.0518,0.123,-0.2212,0.549,18.049,-18.902,1.0818,100745.82
0.7544,0.0283,0.1528,19.512,37.439,8.72,0.7702,100744.91
0.6011,0.0303,0.209,0.61,-12.195,-20.183,0.6371,100743.98
0.5942,0.1006,0.0298,-20.366,-24.573,-35.915,0.6034,100744.02
0.6865,0.0708,0.0269,-12.256,5.244,-13.476,0.6907,100744.06
0.9312,0.0728,-0.0303,-5.732,-6.159,-10.732,0.9345,100743.84
1.2056,0.1943,-0.1641,-27.378,-4.939,-14.756,1.2321,100745.05
1.4126,0.3057,-0.1704,-28.11,17.622,-11.402,1.4553,100745.45
1.4756,0.2891,-0.2788,-39.451,10.427,5.183,1.5293,100745.13
1.3501,0.1577,0.0088,-17.561,26.341,26.402,1.3593,100745.88
0.999,0.0952,0.2559,-13.232,5.854,16.402,1.0357,100745.95
0.7324,0.1099,0.1387,-22.256,-25.915,-4.512,0.7535,100745.9
0.9399,-0.0449,0.125,-7.195,8.11,-2.744,0.9493,100745.97
1.0688,-0.0171,-0.0415,6.524,1.402,7.866,1.0698,100745.27
0.9858,0.04,0.0039,19.817,-21.585,7.256,0.9867,100745.26
0.8828,0.0776,0.0601,3.72,-35.061,0.915,0.8883,100744.12
0.7539,0.0229,-0.0498,-27.134,-22.195,13.171,0.7559,100743.77
0.8174,-0.0562,0.0474,2.256,-9.756,25.122,0.8207,100742.77
0.7944,-0.0415,0.0405,14.085,6.585,36.159,0.7965,100742.98
0.8359,0.0254,-0.1279,-0.122,-0.915,28.293,0.8461,100742.42
0.9907,0.0293,-0.189,-7.744,6.341,35.305,1.009,100742.98
0.9492,0.0146,-0.1519,-1.524,32.744,52.988,0.9614,100743.3
1.0151,-0.061,-0.0962,5.244,25.061,28.049,1.0215,100743.66
1.502,-0.0034,-0.1387,20.122,17.683,-8.415,1.5083,100743.8
1.4136,-0.1133,-0.1118,-6.524,29.451,4.268,1.4225,100742.54
1.3838,-0.2036,0.2329,-4.085,37.195,6.28,1.4179,100742.34
1.0195,0.043,0.252,0.671,-13.78,-12.256,1.0511,100742.44
0.6465,0.0376,0.1055,17.622,-26.159,-12.927,0.6561,100742.29
0.8569,-0.062,0.208,31.159,-7.012,-28.415,0.884,100742.15
1.0571,0.1216,-0.0142,5.0,-5.732,-35.915,1.0642,100742.31
0.9141,0.1113,-0.0049,-3.049,4.39,-19.146,0.9208,100741.91
0.7529,0.022,0.1646,-7.805,4.024,-21.951,0.771,100741.75
0.7109,0.0747,0.0757,-0.61,-10.183,-31.829,0.7188,100742.36
0.8022,0.0918,-0.0381,31.402,20.671,-10.244,0.8084,100741.84
1.0327,0.0244,0.0815,43.293,29.817,-7.195,1.0362,100741.45
1.0811,0.0693,-0.0513,-31.646,-11.707,-20.61,1.0845,100741.27
1.0273,0.1392,-0.1226,-70.244,-16.463,-15.305,1.0439,100741.26
1.1553,0.1328,-0.1216,-28.902,9.451,1.829,1.1692,100741.12
1.3115,0.1099,-0.0171,2.439,12.927,14.451,1.3162,100741.16
1.1016,0.0093,0.2422,-56.951,-21.037,-6.524,1.1279,100740.65
1.1016,-0.0337,0.1216,-37.439,-48.415,-27.317,1.1088,100741.17
1.0488,0.0186,-0.0996,-1.037,-21.646,15.305,1.0537,100741.56
1.0195,0.0781,0.1602,22.683,8.476,44.39,1.035,100741.48
0.8921,0.0767,-0.0215,-7.012,-24.024,10.915,0.8956,100740.32
0.7988,-0.0415,-0.1021,-3.963,-32.073,-1.524,0.8064,100740.33
0.8291,-0.0376,0.1113,19.329,-22.927,8.841,0.8374,100740.31
0.6997,-0.0366,0.0527,17.073,-25.0,18.293,0.7026,100740.05
0.7529,-0.0723,-0.0947,19.146,-6.22,29.695,0.7623,100739.6
0.8804,0.021,-0.2661,26.037,7.134,32.5,0.92,100740.02
0.9575,0.0298,-0.2334,14.268,19.512,34.756,0.986,100740.44
1.208,-0.0688,-0.1943,17.378,14.756,9.268,1.2255,100740.65
1.4087,-0.0708,-0.335,20.183,10.976,-18.537,1.4497,100740.18
1.4912,-0.1611,0.0552,5.0,16.22,-27.378,1.5009,100739.46
1.2949,-0.0166,0.1958,-10.854,-13.841,-34.878,1.3097,100738.56
0.7803,0.0889,0.1567,5.854,-20.427,-20.122,0.8008,100737.38
0.8262,0.0239,0.0752,27.927,-16.098,-24.634,0.8299,100738.38
0.9688,0.0464,-0.0996,32.744,-24.939,-27.256,0.975,100738.26
0.9766,0.0166,-0.0083,9.085,8.293,-8.72,0.9767,100738.77
0.8149,0.0312,0.0679,-7.012,-19.024,-24.329,0.8184,100738.28
0.623,0.083,-0.0269,-11.159,-28.354,-30.366,0.6291,100737.94
0.7544,0.0845,-0.0391,3.902,25.061,-11.89,0.7601,100738.14
0.9458,0.1201,-0.0933,12.439,26.463,-7.622,0.9579,100738.69
0.9121,0.0928,-0.1162,-19.817,28.537,2.073,0.9242,100738.12
1.1719,0.1479,-0.0791,0.244,22.744,-5.854,1.1838,100737.66
1.249,0.1494,-0.272,-31.22,12.073,7.256,1.287,100736.84
1.3179,0.0889,-0.1187,-16.28,1.768,-5.427,1.3262,100736.48
1.2529,0.1792,0.0967,-39.451,9.451,-2.988,1.2694,100736.84
1.0962,0.0503,0.2275,-57.195,3.171,4.939,1.1207,100737.09
1.0181,-0.1011,0.0396,-30.305,-27.5,-13.11,1.0238,100737.44
0.9126,-0.0439,-0.1812,0.915,-15.061,-1.89,0.9314,100736.31
0.8989,0.062,0.0518,33.598,0.305,27.439,0.9025,100736.34
0.7437,0.0654,0.0137,-16.463,-0.183,37.378,0.7467,100736.61
0.689,-0.0049,-0.0298,-22.012,-7.744,22.439,0.6896,100736.56
0.7842,-0.1104,-0.0059,6.402,-1.829,18.537,0.7919,100736.28
0.8652,-0.0776,-0.0479,32.988,1.22,23.049,0.87,100737.05
0.8965,-0.0898,0.0376,33.841,10.549,33.841,0.9018,100736.64
1.0088,-0.0747,-0.1587,4.573,14.268,32.988,1.0239,100736.1
1.0088,-0.0747,-0.1587,4.573,14.268,32.988,1.0239,100735.45
1.167,-0.0684,-0.1265,-9.451,23.963,40.0,1.1758,100735.8
1.0967,-0.0942,-0.1387,-11.037,26.524,38.11,1.1094,100735.59
1.4185,-0.0586,-0.1787,5.061,20.366,12.866,1.4309,100735.8
1.3296,-0.1099,-0.1084,-17.927,10.549,4.39,1.3385,100735.59
1.1816,-0.1685,-0.0527,11.098,2.378,-9.573,1.1948,100734.81
1.1021,-0.1104,0.2666,48.293,-16.402,-18.476,1.1392,100735.38
0.8281,-0.04,0.2598,28.415,-39.634,-22.439,0.8688,100735.53
0.8926,-0.1045,0.0752,6.463,-23.11,-35.976,0.9018,100735.4
1.1899,-0.0317,0.0088,14.024,-16.037,-50.976,1.1904,100735.91
0.9531,0.1099,-0.0225,5.488,-14.451,-25.915,0.9597,100735.7
0.627,-0.0337,0.1055,-6.28,-2.805,-24.329,0.6367,100734.96
0.6294,-0.0249,-0.0454,5.915,9.878,-11.646,0.6315,100736.11
0.772,0.0073,-0.0151,22.805,43.415,5.244,0.7722,100736.09
1.0195,0.0693,-0.1147,6.524,24.695,-15.122,1.0283,100735.95
1.1201,0.1021,-0.2246,-18.902,2.012,-26.646,1.147,100735.46
1.2344,0.1475,-0.1011,9.329,27.256,-6.768,1.2473,100735.22
1.397,0.1099,-0.1865,-9.451,10.488,9.817,1.4136,100734.55
1.4399,0.1641,0.021,-19.39,-2.683,5.183,1.4494,100734.3
1.1436,0.1855,0.1792,-52.317,10.61,24.451,1.1723,100734.26
0.9565,-0.0713,0.1934,-25.549,-11.707,4.878,0.9785,100734.59
0.9189,-0.1055,0.0479,30.122,-11.585,2.012,0.9262,100734.95
0.9492,-0.0005,0.0308,53.476,-19.207,14.085,0.9497,100734.76
0.8857,0.0156,0.0796,25.976,-29.085,15.549,0.8894,100734.47
0.7822,-0.0176,0.0298,14.939,-37.378,5.122,0.783,100733.77
0.7935,-0.1128,0.0039,29.085,-46.28,9.573,0.8014,100734.35
0.7485,-0.1753,-0.0063,53.537,-15.732,28.659,0.7688,100734.52
0.8506,-0.1416,-0.0283,58.537,-0.427,20.427,0.8628,100734.3
0.9604,-0.106,-0.125,41.768,1.89,2.622,0.9743,100734.13
1.0044,-0.1167,-0.1938,37.256,13.171,0.549,1.0296,100734.39
1.0664,-0.0264,-0.1357,56.159,-6.646,-1.341,1.0753,100733.95
0.9219,-0.0381,-0.228,51.341,0.61,17.683,0.9504,100733.99
1.1245,-0.0835,-0.2266,68.232,15.793,15.549,1.1501,100733.77
1.1855,-0.0723,-0.2271,92.012,4.451,10.793,1.2093,100733.24
1.1279,-0.1685,-0.1616,95.732,4.817,-2.256,1.1518,100734.09
1.3809,-0.1045,0.1396,115.488,14.024,-15.061,1.3918,100732.89
1.0771,-0.0435,0.2593,96.585,-21.951,-26.402,1.1088,100732.72
0.7803,-0.0059,0.0947,89.817,-37.927,-48.415,0.786,100732.59
0.9619,0.0518,0.1421,95.366,-22.683,-40.0,0.9737,100732.88
1.0098,0.166,-0.0283,52.988,-11.22,-18.78,1.0237,100732.35
0.8828,0.2061,0.0078,64.146,-15.366,-10.061,0.9066,100732.32
0.8555,0.1714,0.0483,89.939,-25.183,-11.098,0.8738,100732.05
0.8755,0.1099,0.019,97.927,-6.585,-17.927,0.8826,100732.47
0.813,0.0889,-0.0234,115.427,-0.976,-24.878,0.8182,100732.91
0.8076,0.0801,-0.0576,123.415,10.61,-21.037,0.8136,100733.0
0.9761,0.0435,-0.0103,123.049,16.463,-31.524,0.9771,100732.2
0.9995,0.1221,-0.0288,116.159,11.829,-38.841,1.0074,100732.58
0.9673,0.2017,-0.019,121.951,25.488,-20.854,0.9883,100732.84
1.0161,0.1821,-0.0493,135.183,43.537,-3.232,1.0335,100732.2
1.0483,0.1191,-0.0586,150.61,37.805,-7.012,1.0567,100732.45
0.9902,0.0342,0.0659,146.768,12.988,-17.744,0.993,100732.02
0.9082,0.0527,-0.0151,129.085,8.171,-14.695,0.9099,100732.31
1.0469,0.0605,0.0151,124.939,13.354,-12.195,1.0487,100732.28
1.0996,0.1294,-0.1313,103.598,-4.329,-11.646,1.115,100732.15
0.9922,0.2134,-0.1899,104.024,-19.512,-4.573,1.0325,100732.05
1.1279,0.0801,0.0156,134.39,-24.573,3.232,1.1309,100731.59
1.2153,-0.1812,0.1133,71.829,-16.159,-0.732,1.234,100731.62
1.0854,0.0283,0.0596,1.585,-31.341,-37.073,1.0875,100731.28
0.8174,0.2163,-0.0161,18.841,-43.841,-33.232,0.8457,100731.64
0.7759,0.042,0.0005,58.415,0.305,19.939,0.777,100732.03
0.8813,0.0156,-0.1157,90.366,-15.366,-14.085,0.889,100733.25
0.7866,-0.0596,-0.0522,89.207,18.293,6.951,0.7906,100732.62
0.9312,-0.0591,0.0293,82.744,27.744,-0.183,0.9335,100732.54
0.9814,-0.0532,-0.0117,63.902,8.11,-12.5,0.983,100733.21
0.8467,-0.0332,-0.1621,64.817,-7.805,-20.915,0.8627,100732.74
0.7612,-0.0127,-0.1416,67.073,-12.378,-28.78,0.7744,100732.37
0.5869,-0.0391,-0.0864,69.939,-19.695,-32.317,0.5945,100732.1
0.5273,0.0312,-0.207,74.329,-25.671,-25.976,0.5674,100732.77
0.6865,-0.0024,-0.1929,80.244,-8.11,-15.915,0.7131,100733.27
0.9946,-0.0225,-0.3003,70.793,-27.439,-23.72,1.0392,100733.41
1.2793,-0.1719,-0.397,33.11,-25.976,-14.573,1.3505,100733.76
1.3926,-0.0405,-0.0166,11.829,3.72,-17.256,1.3933,100733.88
1.2554,0.3696,0.1118,4.756,-4.634,-15.305,1.3134,100732.99
1.3608,0.3047,-0.1187,7.622,14.756,-15.0,1.3996,100732.69
1.811,0.1592,-0.5361,8.049,8.659,-28.232,1.8954,100732.71
1.0752,0.0308,-0.1968,30.793,-25.0,-9.085,1.0935,100732.98
0.29,0.0977,-0.02,36.524,-51.28,-25.366,0.3067,100733.17
0.5659,0.144,-0.1357,8.598,-5.671,-17.012,0.5995,100733.42
0.772,0.1035,-0.1489,3.415,37.439,30.305,0.793,100733.26
0.8931,0.0796,-0.126,-5.976,42.744,13.476,0.9054,100732.88
1.0547,0.1724,-0.2461,9.634,3.354,-38.354,1.0966,100733.84
0.7822,0.2598,-0.2461,-3.232,-16.159,-20.305,0.8602,100733.32
0.5698,0.2129,-0.311,-15.122,17.5,25.976,0.6832,100733.8
1.1167,0.0752,-0.334,40.549,-4.024,10.793,1.168,100733.55
1.1318,0.1509,-0.1724,25.854,-29.451,-13.78,1.1548,100733.96
1.1094,-0.0737,0.1558,4.329,-5.366,-2.378,1.1227,100734.29
0.9653,-0.0688,-0.043,-0.366,-22.439,-16.89,0.9687,100734.77
1.2051,-0.0137,-0.0459,36.402,5.854,-24.329,1.206,100735.14
1.4468,0.1641,-0.3838,-27.622,22.927,-12.683,1.5058,100735.04
1.0073,0.1797,-0.3745,-37.439,-3.171,7.073,1.0896,100734.95
1.0186,0.0601,-0.0825,-21.768,41.646,17.622,1.0237,100735.03
1.0298,0.124,-0.0747,5.549,32.317,7.805,1.0399,100735.56
0.7407,0.2427,-0.1372,52.561,-7.561,0.427,0.7914,100735.85
0.6143,0.022,-0.1992,49.634,0.671,-6.28,0.6461,100735.95
0.8188,-0.0942,-0.2485,38.537,15.366,-11.22,0.8609,100734.78
0.7451,-0.084,-0.189,17.622,6.098,-7.744,0.7733,100734.77
0.6245,-0.1167,-0.0444,18.598,-4.512,-4.573,0.6369,100734.13
0.6572,-0.0137,-0.0742,15.976,-12.988,-0.305,0.6615,100735.03
1.0005,0.1484,-0.3013,-2.073,-20.854,4.512,1.0554,100734.95
1.353,-0.0293,-0.4917,-73.598,-32.683,18.659,1.4399,100735.16
1.3647,-0.0854,-0.248,-87.439,-15.732,17.378,1.3897,100735.41
1.1313,0.2749,-0.0645,-36.463,-28.293,15.0,1.1661,100734.75
1.2935,0.4272,0.2236,40.854,-0.671,-4.573,1.3804,100735.49
1.2368,0.2637,-0.2715,-27.622,28.415,-8.293,1.2934,100736.17
1.3208,-0.0439,-0.4175,19.329,30.366,-24.512,1.3859,100735.82
0.9189,-0.0337,-0.165,26.829,-5.671,-41.463,0.9343,100735.54
0.6118,0.1216,-0.1685,2.805,-27.866,-28.78,0.6461,100736.09
0.6362,0.103,-0.1831,-8.963,19.573,-1.646,0.67,100736.34
0.8076,0.2017,-0.1582,-9.39,24.329,11.646,0.8473,100736.45
0.8125,0.1948,-0.1274,-45.305,8.354,4.878,0.8452,100737.01
0.6191,0.1846,-0.1812,-41.585,-2.5,-11.037,0.671,100738.18
0.6821,0.1934,-0.1299,-3.293,-9.939,-14.756,0.7208,100737.92
0.9502,0.2607,-0.313,5.732,1.646,9.39,1.0338,100737.51
1.0645,0.1963,-0.2549,10.61,3.659,17.378,1.112,100736.95
1.1587,0.0322,-0.0928,1.037,-11.89,-14.573,1.1628,100736.63
1.3379,-0.02,-0.0576,0.549,8.72,-40.549,1.3393,100737.63
1.4277,0.0742,-0.1724,35.366,-19.512,-50.061,1.44,100737.14
1.2002,0.2446,-0.4155,12.378,-3.171,7.866,1.2934,100737.28
1.2769,0.085,-0.0845,-5.305,43.415,36.768,1.2825,100737.52
1.0088,0.0596,-0.1641,-44.451,17.439,20.244,1.0238,100737.17
0.6807,0.1177,-0.1621,13.11,-7.378,11.951,0.7095,100736.3
0.5059,0.1406,-0.1265,51.098,10.366,34.939,0.5401,100736.16
0.4644,-0.0303,-0.0444,43.598,8.354,22.988,0.4675,100736.41
0.4536,-0.1953,-0.1924,20.305,-15.427,-2.378,0.53,100737.34
0.8022,-0.1973,-0.3008,29.268,-19.451,-12.622,0.8792,100737.55
1.1704,-0.1318,-0.2671,8.11,-45.366,-16.89,1.2077,100737.95
1.166,0.0972,-0.4067,-68.537,-76.463,-18.72,1.2387,100737.62
1.1934,0.1787,-0.3242,-99.939,-46.28,8.293,1.2495,100737.64
1.2085,0.2612,-0.0903,-38.049,-8.232,27.988,1.2397,100737.41
1.1694,0.4741,-0.019,13.354,12.988,28.354,1.262,100737.5
1.355,0.3379,-0.3564,-12.378,50.183,24.085,1.4412,100737.55
1.5405,-0.0757,-0.4712,31.524,44.268,-4.573,1.6128,100737.84
0.6333,0.1353,-0.2036,-21.768,-14.634,-33.049,0.6788,100738.74
0.7017,0.1743,-0.1167,-43.72,38.049,7.561,0.7323,100738.75
0.7412,0.1963,-0.2378,-28.598,27.378,29.085,0.8028,100738.5
0.7539,0.1636,-0.124,-25.305,7.073,13.78,0.7814,100739.06
0.6333,0.2339,-0.1328,-31.707,-1.402,-9.756,0.688,100738.87
0.6875,0.2324,-0.1938,-10.061,-10.854,-15.244,0.7512,100738.69
0.9487,0.188,-0.4307,3.902,4.329,16.524,1.0587,100739.2
1.0283,0.1528,-0.3525,40.732,-0.427,18.11,1.0978,100739.34
1.1885,-0.0439,0.082,32.073,-28.78,-11.524,1.1921,100739.7
1.166,-0.1348,-0.0503,-0.976,-9.268,-9.878,1.1749,100740.21
1.395,0.0,-0.1079,35.854,-0.549,-30.427,1.3992,100740.33
1.4175,0.2603,-0.2949,-9.817,12.683,-23.11,1.471,100739.94
1.0469,0.2388,-0.2607,-48.415,18.11,-4.878,1.105,100740.23
0.8296,0.1147,-0.1494,-21.524,4.695,-18.11,0.8507,100739.87
0.7642,0.1807,-0.2432,18.537,14.756,-0.122,0.822,100739.7
0.7061,0.0845,-0.1597,59.268,29.024,35.061,0.7288,100740.48
0.729,-0.0454,-0.1909,51.89,-2.866,14.146,0.755,100741.65
0.6929,-0.146,-0.2769,24.817,-31.463,-10.549,0.7603,100741.8
0.604,-0.1343,-0.2573,2.256,-17.927,1.098,0.6701,100742.15
0.8037,0.0483,-0.063,19.207,-14.939,1.829,0.8076,100742.66
0.9565,0.2349,-0.229,-20.122,-25.366,-4.146,1.0112,100742.92
1.3179,0.0762,-0.3911,-60.366,-13.537,0.915,1.3768,100743.01
1.3945,0.1753,-0.2661,-10.488,-25.366,0.976,1.4305,100743.69
1.1328,0.4761,-0.2402,17.195,-26.037,6.768,1.252,100743.2
1.6592,0.3472,-0.1338,-3.659,68.659,26.89,1.7004,100741.97
1.6743,0.0679,-0.3789,-27.561,32.5,-9.268,1.718,100741.66
0.5669,-0.0654,-0.3486,15.549,-31.159,-14.817,0.6687,100741.92
0.3652,-0.0078,-0.1187,36.829,-3.354,-5.0,0.3841,100741.77
0.667,0.1675,-0.1211,11.402,5.427,-1.28,0.6983,100742.74
0.6323,0.1743,-0.0757,-25.366,18.415,11.89,0.6603,100742.38
0.8052,0.3052,-0.3228,-38.171,14.878,-5.61,0.9196,100742.34
0.8911,0.2754,-0.2959,-7.012,6.463,-3.11,0.9785,100742.32
0.6582,0.2246,-0.252,11.768,-4.329,-1.768,0.7397,100742.68
0.8457,0.2095,-0.4316,27.256,-1.646,-0.122,0.9723,100742.7
1.0151,0.1436,-0.3418,48.659,-1.463,5.793,1.0807,100742.45
1.1865,-0.042,0.0435,27.805,-17.622,-7.5,1.1881,100742.15
1.3105,-0.1406,-0.0337,-34.817,-9.085,-38.537,1.3185,100742.54
1.4746,0.0698,-0.3691,-23.171,4.817,-31.28,1.5217,100743.34
1.2935,0.1104,-0.2856,28.049,14.817,7.073,1.3292,100743.66
1.0513,0.1748,-0.2197,-21.646,5.122,-0.732,1.0881,100743.55
0.6445,0.209,-0.252,-50.244,13.354,5.122,0.7229,100743.84
0.5151,0.2222,-0.2358,14.329,42.195,36.951,0.6086,100743.8
0.415,0.0723,-0.0776,63.354,50.61,65.0,0.4284,100743.8
0.2007,-0.0342,-0.127,56.28,27.744,55.061,0.2399,100744.16
0.6069,-0.2979,0.0244,26.89,-3.963,-4.939,0.6765,100744.78
0.9639,-0.0278,-0.397,-11.037,-49.695,-42.256,1.0428,100744.65
1.4717,0.04,-0.0669,2.134,-37.134,-31.951,1.4737,100744.67
1.9688,0.3057,-0.0376,-47.378,20.915,-5.366,1.9927,100744.8
1.9131,0.5117,-0.1079,-43.11,40.244,21.28,1.9833,100745.03
1.5811,0.1284,-0.1543,16.646,53.171,36.829,1.5937,100744.33
1.146,-0.2861,-0.0835,54.756,17.805,16.341,1.1841,100744.41
0.4053,-0.1987,-0.1216,47.439,-26.22,-21.159,0.4675,100744.38
0.3135,0.0884,0.0186,37.012,-5.305,-36.585,0.3262,100744.33
0.5259,0.1914,-0.1592,-30.0,28.171,-3.659,0.5818,100743.79
0.7148,0.1372,-0.2544,-46.341,21.89,12.5,0.7711,100744.14
0.7275,0.0688,-0.1836,-32.988,-9.939,-5.671,0.7535,100744.27
0.7603,0.1606,-0.1592,-11.89,-20.61,-7.134,0.7932,100744.38
0.874,0.0293,0.1167,11.646,-28.171,10.244,0.8823,100744.09
0.897,-0.1162,-0.1162,-11.524,-30.427,29.634,0.9119,100744.1
1.4751,-0.3345,-0.0815,-16.098,30.366,26.646,1.5147,100744.64
2.1021,-0.3223,0.2046,0.427,48.232,-43.476,2.1364,100744.41
1.8291,0.4683,-0.4414,-46.524,-17.256,-44.939,1.939,100744.84
1.0107,0.2085,0.0498,-35.732,16.89,16.768,1.0332,100745.43
0.5552,0.1978,-0.2832,-52.256,-52.439,-29.817,0.6539,100745.0
0.2388,0.1221,-0.3936,-0.793,-31.585,11.341,0.4762,100744.55
0.311,-0.0786,-0.0806,82.988,-19.268,33.72,0.3308,100744.73
0.4878,-0.1084,-0.145,86.707,-51.22,-8.171,0.5203,100745.48
0.9844,-0.1665,-0.1084,44.695,-18.415,-30.183,1.0042,100745.91
1.2207,0.0405,-0.4438,-11.768,-65.732,-43.415,1.2995,100745.97
1.1152,0.0801,-0.5801,-37.927,-44.939,5.915,1.2596,100746.28
1.481,0.0425,-0.0728,-18.963,-13.841,8.476,1.4834,100746.77
1.3496,0.5264,-0.2578,-22.073,-18.902,13.476,1.4714,100747.01
1.0015,0.3584,-0.1309,14.451,12.317,38.598,1.0717,100746.94
1.208,0.0107,-0.4995,36.585,12.378,-5.244,1.3073,100747.64
1.2534,-0.0776,-0.3135,51.951,24.878,-14.39,1.2944,100747.66
0.7622,0.0947,-0.0176,-3.232,-17.561,-37.927,0.7683,100747.68
0.5449,0.1802,-0.2344,-57.683,-20.244,-31.646,0.6199,100747.44
0.6226,0.2217,-0.3818,-21.89,24.878,21.402,0.7632,100747.63
0.7056,0.2231,-0.2505,22.866,20.427,33.049,0.7813,100747.27
0.6611,0.186,-0.2363,13.476,-12.439,-0.549,0.7263,100747.75
0.564,0.0654,-0.2773,4.573,-22.622,-21.463,0.6319,100747.76
0.7217,0.1216,-0.3584,16.951,-22.561,-5.793,0.8149,100748.38
0.9463,0.2637,-0.4395,32.988,-10.183,23.598,1.0762,100747.83
1.1709,0.21,-0.3701,29.268,-31.402,-5.244,1.2458,100748.54
1.5059,0.0044,-0.3228,13.963,-27.561,-47.134,1.5401,100747.86
1.5981,0.0947,-0.377,50.305,-1.402,-49.329,1.6447,100748.43
1.7222,0.1553,-0.3213,68.78,29.207,-32.866,1.7587,100748.38
1.3447,0.1172,-0.3687,31.22,-0.183,-58.659,1.3993,100749.11
0.5469,0.314,-0.3145,53.232,2.5,-28.049,0.7046,100750.27
0.519,0.2192,-0.0361,110.488,44.024,17.195,0.5646,100749.63
0.7271,0.0166,-0.2544,122.317,29.634,2.5,0.7705,100749.31
0.8765,-0.0474,-0.2891,139.878,21.707,-33.72,0.9241,100749.19
0.8579,0.0723,-0.1748,132.805,4.329,-47.866,0.8785,100748.86
0.8677,0.1265,-0.1851,103.476,3.11,-48.11,0.8962,100748.75
1.0376,-0.0005,-0.3296,90.976,24.878,-43.963,1.0887,100747.88
1.1387,0.0278,-0.4155,93.659,18.171,-54.329,1.2124,100748.13
0.9912,0.1997,-0.4644,75.244,10.244,-45.244,1.1127,100748.18
0.8955,0.1943,-0.3682,83.598,22.012,-32.988,0.9875,100748.36
0.8896,0.1895,-0.353,94.39,25.244,-22.073,0.9757,100748.59
0.9595,0.1782,-0.207,116.951,36.463,-19.268,0.9976,100748.66
0.8994,0.0815,-0.0303,148.232,30.61,-20.976,0.9036,100748.22
0.7427,0.2632,-0.0469,173.598,23.354,-11.098,0.7893,100748.52
1.1201,0.1699,0.0049,160.061,58.049,-7.988,1.1329,100748.13
1.4717,-0.0229,-0.1855,127.195,50.793,-50.976,1.4835,100748.8
1.0879,0.1455,-0.1899,100.671,21.707,-62.805,1.1139,100748.6
0.6157,0.293,-0.1348,116.341,13.232,-25.976,0.6951,100749.29
0.7808,0.124,0.0928,170.854,53.049,6.646,0.796,100748.57
1.0786,-0.0034,-0.0942,167.012,37.134,-0.915,1.0827,100748.77
1.0884,0.0801,-0.1284,121.768,12.927,-22.134,1.0989,100749.16
1.0898,0.1729,-0.0566,103.963,2.805,-25.427,1.1049,100748.84
1.0557,0.0952,-0.0698,111.463,-9.939,-15.427,1.0622,100749.23
