ax,ay,az,gx,gy,gz,avm,pressure
1.002,-0.0093,-0.5127,-31.585,-34.207,-20.366,1.1255,100736.9
1.1763,0.1709,-0.4307,-10.427,-40.976,-68.354,1.2642,100736.8
1.2705,0.314,-0.4561,5.427,-7.317,-6.89,1.3859,100736.97
1.2783,0.3438,-0.4849,-3.171,13.902,12.622,1.4097,100736.71
1.146,0.2427,-0.5728,-15.061,25.671,4.024,1.3039,100736.4
1.063,0.0972,-0.4678,-15.0,9.756,20.183,1.1654,100737.03
0.854,0.1958,-0.5381,6.037,-4.451,9.085,1.0282,100737.64
0.5127,0.25,-0.3164,-33.11,-5.366,-19.939,0.6523,100737.11
0.7837,0.0596,-0.2368,-22.744,31.037,-88.963,0.8209,100736.94
0.7964,0.188,-0.3633,30.61,44.085,23.354,0.8953,100737.45
0.853,0.1885,-0.3672,-19.085,37.805,40.427,0.9476,100737.99
0.9346,0.1938,-0.4136,-7.744,20.122,-11.524,1.0402,100738.5
0.9585,0.0781,-0.4458,-12.195,28.72,37.622,1.06,100738.16
0.7222,0.1636,-0.4565,-9.207,40.549,109.817,0.8699,100738.4
0.7822,0.106,-0.3843,-3.902,24.146,6.28,0.8779,100738.44
0.7588,0.0654,-0.2119,37.622,23.354,-26.707,0.7905,100739.34
0.7134,0.0181,-0.1802,59.146,11.402,-37.195,0.736,100739.03
0.7148,0.0186,-0.293,17.866,-9.756,55.61,0.7728,100738.8
0.9502,0.04,-0.437,-20.122,-51.524,53.11,1.0466,100739.24
1.0977,0.0791,-0.4795,-24.207,-77.317,-12.683,1.2004,100739.71
0.9463,0.1035,-0.4731,-7.866,-80.976,0.122,1.063,100738.91
1.0854,-0.1523,-0.4448,42.256,-55.915,-19.268,1.1829,100738.97
1.1704,-0.1729,-0.3018,16.829,-14.695,-32.073,1.221,100739.62
1.104,0.0278,-0.3643,-18.476,-3.902,-25.0,1.1629,100739.86
0.7119,0.0747,-0.5615,-23.171,23.598,25.793,0.9098,100739.5
0.5845,0.0415,-0.2969,56.951,72.134,48.415,0.6569,100739.91
0.6143,-0.0776,0.0029,114.695,28.354,1.463,0.6192,100739.08
0.668,-0.1445,-0.2769,12.622,-13.354,-10.671,0.7374,100739.61
0.6763,-0.1357,-0.3652,-35.915,-17.195,5.61,0.7805,100740.01
0.8965,-0.0693,-0.4067,-19.573,6.951,-14.085,0.9869,100740.8
1.0889,0.0039,-0.5137,-2.988,3.537,-24.512,1.204,100741.04
0.7534,0.0049,-0.4683,-1.585,-19.085,42.622,0.8871,100740.97
0.8179,-0.0581,-0.4878,-18.354,-23.293,60.549,0.9541,100741.54
1.001,-0.0879,-0.415,-15.305,-24.634,26.829,1.0872,100741.24
1.1128,-0.0005,-0.4917,-44.329,-21.159,-14.39,1.2166,100741.51
1.4482,0.085,-0.3179,28.476,-0.305,-56.89,1.4851,100741.94
1.2607,0.2764,-0.5947,-7.683,1.037,3.78,1.4211,100741.52
0.7998,-0.0151,-0.3257,54.695,38.72,32.927,0.8637,100742.21
0.9229,-0.0977,-0.209,47.256,40.366,26.524,0.9512,100742.73
1.0879,0.1611,-0.3672,12.195,5.183,-20.427,1.1594,100742.02
0.7881,0.1543,-0.3481,-7.378,6.159,-15.488,0.8753,100741.61
0.4961,-0.1343,-0.1665,-22.439,18.354,25.305,0.5402,100740.8
0.4946,-0.0972,-0.2163,-24.39,-0.366,17.378,0.5485,100741.8
0.877,0.0273,-0.2524,-20.854,-4.878,10.793,0.913,100742.06
0.7212,0.0332,-0.4336,-42.5,-8.354,44.939,0.8422,100741.75
0.5732,-0.0278,-0.2114,-22.683,11.22,48.902,0.6116,100741.89
0.9458,-0.0688,-0.5518,-37.317,2.134,38.963,1.0971,100741.77
1.2959,-0.166,-0.4717,-40.244,-38.72,-24.939,1.389,100742.14
1.3164,-0.1294,-0.6016,-31.707,-49.39,-48.11,1.4531,100742.31
1.145,-0.1011,-0.6606,-3.78,-15.549,-27.5,1.3258,100742.33
1.2197,-0.0278,-0.4595,40.0,23.598,-50.488,1.3037,100742.45
1.0142,-0.0396,-0.4658,37.317,13.11,-25.915,1.1167,100742.28
0.6973,-0.0483,-0.3345,53.415,18.78,16.098,0.7748,100742.8
0.6025,-0.1436,-0.1274,52.561,35.0,13.232,0.6324,100742.46
0.6519,-0.1797,-0.2412,27.012,-2.744,-2.073,0.7179,100742.69
0.7114,-0.0635,-0.3838,-17.195,-23.963,-3.293,0.8108,100743.02
0.6597,-0.1113,-0.4282,-25.549,-1.22,0.488,0.7943,100742.62
0.6309,-0.1353,-0.3662,-23.963,4.451,27.5,0.7419,100742.69
0.6748,-0.1753,-0.3848,-11.341,-4.39,-6.098,0.7963,100743.62
0.9414,-0.1675,-0.437,3.11,-23.293,-14.39,1.0513,100743.45
0.9707,-0.1577,-0.5435,-16.89,-11.22,4.146,1.1236,100743.59
1.1172,-0.1304,-0.5371,23.415,-27.5,6.28,1.2464,100745.05
1.1641,0.0264,-0.5708,18.415,-16.524,10.0,1.2967,100745.15
1.0718,0.0718,-0.6646,-56.585,22.866,18.293,1.2631,100744.72
1.0864,-0.1343,-0.333,47.927,31.951,-10.488,1.1442,100745.27
1.252,0.0537,-0.6074,4.329,10.671,-37.561,1.3926,100744.84
0.9473,0.0396,-0.4102,21.463,4.695,-24.085,1.033,100744.84
0.5728,-0.0732,-0.2495,6.159,10.854,29.756,0.629,100744.12
0.6328,-0.0503,-0.4204,19.329,16.22,11.22,0.7614,100744.34
0.7583,-0.1343,-0.2617,51.707,37.683,-3.537,0.8134,100744.12
0.6855,-0.2197,-0.1206,8.171,30.366,0.061,0.7299,100744.68
0.6987,-0.1353,-0.3091,-18.963,-16.646,-2.561,0.7759,100744.77
0.7568,-0.0176,-0.3745,-49.146,-26.037,23.659,0.8446,100746.2
0.8149,-0.019,-0.5288,-56.585,-23.354,43.171,0.9717,100746.39
0.9346,-0.1104,-0.3975,-19.39,-10.549,38.78,1.0216,100746.54
1.1348,-0.2876,-0.4341,-19.451,2.378,23.476,1.2485,100746.53
1.3354,-0.2783,-0.7036,-28.11,-50.671,-5.122,1.5349,100746.66
1.1069,-0.2612,-0.6836,-1.402,-17.622,2.134,1.327,100747.1
1.1064,-0.1831,-0.6211,27.256,18.171,-17.317,1.282,100746.83
1.0869,-0.1577,-0.4126,69.634,20.915,-68.659,1.1732,100747.5
0.7705,-0.1538,-0.1963,57.317,17.195,-30.854,0.8099,100746.62
0.502,-0.1753,-0.1304,-3.902,11.768,30.854,0.5474,100745.74
0.6182,-0.0586,-0.3315,-34.878,-11.037,0.183,0.7039,100745.81
0.5562,-0.0483,-0.3511,-14.146,4.512,4.939,0.6595,100746.12
0.5029,-0.1348,-0.1846,9.634,34.878,27.683,0.5524,100745.61
0.6294,-0.1948,-0.2017,10.366,14.207,31.28,0.689,100745.71
0.9053,-0.2212,-0.3335,-21.89,2.744,46.402,0.9898,100745.56
1.2114,-0.3687,-0.5049,-34.39,9.085,33.171,1.3632,100747.19
1.4341,-0.2988,-0.6875,-28.963,-30.427,-1.28,1.6182,100746.9
1.3545,-0.1665,-0.7183,1.829,-2.317,-5.305,1.5422,100748.18
1.2964,-0.2793,-0.3887,43.598,44.207,-8.72,1.3819,100748.65
1.4619,-0.1162,-0.2427,6.341,-6.098,-89.573,1.4865,100748.14
0.8545,0.1221,-0.626,-56.28,-14.817,-41.402,1.0663,100747.12
0.4316,-0.1343,-0.126,80.976,71.463,4.939,0.4693,100747.52
0.4697,-0.186,0.0278,54.329,85.488,17.561,0.506,100747.93
0.6255,-0.1289,-0.021,2.134,27.256,-18.902,0.639,100748.34
1.0513,0.0278,-0.3853,-56.037,3.902,61.585,1.12,100748.18
0.9707,0.1099,-0.583,-65.244,7.744,27.805,1.1376,100748.3
0.5742,-0.0596,-0.1929,24.817,14.939,-18.598,0.6087,100748.27
0.647,-0.1499,-0.2192,24.573,-12.378,6.037,0.6994,100748.61
0.9268,-0.1885,-0.3623,9.268,-7.256,4.573,1.0128,100749.63
1.1489,-0.2983,-0.1792,0.976,-8.354,-18.476,1.2005,100750.01
1.4414,-0.3174,-0.4062,-29.939,-21.707,-34.268,1.5308,100749.67
1.5981,-0.3706,-0.2881,-16.829,11.159,-26.951,1.6657,100749.65
1.5415,-0.0498,-0.5854,-45.915,-5.854,-28.476,1.6497,100748.55
0.9072,0.0542,-0.4854,3.415,-2.256,25.427,1.0303,100749.35
0.646,-0.2012,0.0161,59.268,16.707,34.451,0.6768,100749.07
0.8257,-0.1724,-0.2969,-12.195,26.646,4.573,0.8942,100749.34
0.688,-0.1909,-0.2407,37.988,12.683,-5.732,0.7535,100750.31
0.6064,-0.146,-0.229,32.744,-16.463,-11.402,0.6645,100750.05
0.6924,-0.1841,-0.3213,11.22,-9.39,-8.537,0.7852,100750.57
0.6484,-0.1895,-0.3511,-1.28,-7.744,-1.28,0.7613,100750.74
0.6992,-0.1963,-0.3623,13.232,-18.354,-4.634,0.8116,100750.72
0.9771,-0.1875,-0.4272,28.293,-28.72,-12.195,1.0827,100750.98
1.1167,-0.1826,-0.4683,-4.207,-37.195,-13.902,1.2246,100752.4
1.0942,-0.0796,-0.48,-23.354,-53.11,-5.854,1.1975,100752.33
1.1812,-0.0806,-0.3003,-1.463,-9.634,8.841,1.2214,100751.45
1.3711,0.0039,-0.1479,2.439,27.439,9.512,1.3791,100751.91
1.5278,-0.0845,-0.3198,19.878,10.244,-15.549,1.5632,100751.39
1.4341,0.0298,-0.5469,6.22,-11.037,-32.439,1.5351,100750.85
0.8584,-0.0874,-0.356,28.11,2.317,-10.854,0.9334,100751.95
0.5391,-0.1826,-0.0005,61.402,9.268,-0.549,0.5692,100751.66
0.6309,0.002,-0.1665,20.549,9.39,-17.988,0.6525,100751.46
0.7622,0.0776,-0.3662,-1.402,13.963,-24.451,0.8492,100751.41
0.8589,0.0483,-0.3389,31.646,1.646,-29.573,0.9246,100751.01
0.9248,0.0474,-0.3628,46.463,7.073,-15.793,0.9945,100750.98
0.9419,0.0073,-0.2881,47.927,0.793,-7.805,0.985,100751.8
1.1665,-0.0854,-0.541,51.28,-10.793,-5.915,1.2887,100752.05
1.541,-0.396,-0.3345,64.634,17.866,-1.159,1.6259,100751.64
1.3374,-0.1133,-0.0161,-36.098,-10.549,-31.463,1.3423,100751.33
0.6865,0.2383,-0.3999,-22.134,-58.78,-73.78,0.8295,100751.1
0.4629,0.0312,-0.0889,64.024,7.134,4.451,0.4724,100750.68
0.8936,-0.0679,-0.001,108.598,30.793,-13.476,0.8961,100750.48
1.1997,0.124,-0.1548,103.78,-16.098,-94.451,1.216,100750.84
1.0552,0.3315,-0.3823,94.39,-25.0,-75.183,1.1703,100751.23
0.9956,0.0308,-0.1562,168.78,26.341,-35.732,1.0083,100751.66
1.0073,-0.1543,-0.0518,194.878,26.829,-37.378,1.0204,100751.86
0.9546,-0.0005,-0.1626,159.512,-11.098,-54.024,0.9683,100752.38
0.8379,0.0181,-0.2476,144.817,-6.951,-53.659,0.8739,100752.03
0.9326,0.0464,-0.2905,141.951,14.268,-52.134,0.9779,100751.88
0.979,0.0464,-0.1499,155.183,18.354,-48.537,0.9915,100751.92
0.9404,-0.0854,-0.146,189.695,10.122,-60.976,0.9555,100751.45
1.0815,-0.1558,-0.1411,219.024,-8.354,-76.768,1.1018,100752.18
1.0366,-0.0586,-0.1772,163.232,-3.171,-59.695,1.0533,100752.75
0.9438,0.1523,-0.1821,134.573,4.268,-51.768,0.9733,100753.19
0.8843,0.2622,-0.2026,160.244,27.073,-47.256,0.9443,100753.26
1.0288,0.1631,-0.0322,213.415,38.11,-64.512,1.0422,100753.31
1.0991,0.106,-0.1533,144.939,24.573,-50.183,1.1148,100752.98
1.0029,0.0645,-0.2329,130.915,12.561,-54.695,1.0316,100752.86
0.9092,0.0767,-0.2212,133.293,10.793,-44.268,0.9388,100752.54
0.8809,0.0601,-0.1602,124.451,12.805,-31.463,0.8973,100751.41
0.9961,0.0308,-0.124,94.329,14.878,-22.317,1.0043,100751.83
1.0381,0.0508,-0.3843,56.463,-5.793,-22.561,1.1081,100751.88
1.0244,0.1289,-0.313,68.72,-19.451,-35.61,1.0789,100752.05
1.0273,0.1504,-0.354,94.878,-16.22,-26.524,1.097,100752.55
1.0469,0.1704,-0.3184,83.659,-21.951,-24.756,1.1074,100752.42
1.1011,0.1362,-0.271,53.598,-8.78,-9.634,1.1421,100752.45
1.1484,0.0239,-0.1626,34.39,-6.89,-13.293,1.1601,100751.75
1.0161,-0.0771,-0.145,25.366,-31.829,-29.024,1.0293,100751.84
0.7603,-0.0708,-0.1309,36.829,-42.5,-7.5,0.7747,100752.88
0.8726,0.0278,-0.229,66.402,-37.256,7.5,0.9025,100752.56
1.0923,0.0903,-0.3403,54.695,-25.366,11.524,1.1476,100752.57
0.8267,-0.0771,-0.4214,10.61,1.463,19.146,0.9311,100752.1
0.7266,-0.0825,-0.3086,28.963,4.085,1.829,0.7937,100752.13
0.8374,-0.1006,-0.2622,44.512,6.037,-5.0,0.8832,100751.64
0.9224,-0.0737,-0.3965,62.988,4.573,-25.915,1.0067,100752.52
0.9751,0.0278,-0.4331,44.756,3.902,-23.293,1.0673,100752.93
0.8545,-0.0308,-0.418,19.146,7.561,4.512,0.9517,100752.5
0.8276,-0.126,-0.377,18.659,24.695,10.549,0.9181,100752.69
0.8521,-0.1548,-0.3291,34.817,24.878,4.634,0.9264,100752.82
0.9219,-0.0557,-0.4761,30.732,10.061,-1.037,1.039,100753.78
1.0898,-0.0693,-0.6011,4.146,-5.61,8.171,1.2465,100753.02
1.2271,-0.1729,-0.4966,12.317,11.159,15.488,1.335,100753.2
1.311,-0.1113,-0.3013,33.78,37.927,9.329,1.3498,100752.58
1.3242,-0.0747,-0.1597,16.098,27.744,-4.329,1.3359,100753.12
0.8813,-0.1792,-0.0107,9.878,22.744,-16.89,0.8994,100752.4
0.876,-0.0503,0.2207,67.378,-16.524,-69.817,0.9048,100752.11
0.9253,0.0381,-0.0649,-0.671,-11.585,-15.488,0.9284,100752.53
1.0625,-0.0488,-0.0986,-30.122,9.207,-12.805,1.0682,100752.24
1.1392,0.0537,-0.3491,-55.366,-18.963,-34.695,1.1927,100752.0
0.9111,0.084,-0.2446,-19.329,-6.159,-20.61,0.9471,100752.08
0.9277,0.0654,-0.1138,6.159,13.354,-13.78,0.937,100751.88
0.9751,-0.0337,-0.2134,-15.0,10.793,-14.756,0.9987,100753.23
0.8413,0.0063,-0.2104,-14.146,-10.488,-9.817,0.8673,100753.14
0.7285,0.0537,-0.166,-19.817,-12.378,-6.524,0.7491,100752.67
0.7969,0.0615,-0.1982,-26.28,-6.341,-2.134,0.8235,100751.73
0.7134,-0.0889,-0.2148,-33.78,7.561,24.207,0.7503,100751.5
0.9126,0.0215,-0.2686,-42.256,-16.22,-9.634,0.9515,100751.59
1.1533,0.1816,-0.4531,-51.585,-40.305,-17.317,1.2524,100751.05
1.2485,0.1367,-0.5874,-40.976,-21.341,16.829,1.3866,100751.0
1.1768,0.1089,-0.4888,-23.72,-7.866,54.817,1.2789,100750.23
1.1665,0.1387,-0.2495,-27.378,15.549,42.134,1.2009,100751.0
1.085,0.0435,0.0464,-6.463,3.537,-0.427,1.0868,100749.88
0.8379,-0.0859,-0.2002,-33.415,-25.732,12.744,0.8658,100750.39
0.8208,-0.0742,-0.1069,-1.646,-21.89,7.256,0.8311,100750.65
0.9082,0.0371,-0.2666,15.793,-4.817,3.354,0.9473,100751.1
1.104,-0.0112,-0.4033,19.939,-4.39,5.915,1.1754,100750.47
1.0054,0.0508,-0.4141,-12.439,-22.256,2.744,1.0885,100750.12
0.7671,0.0107,-0.2729,-2.439,-10.183,-0.976,0.8143,100750.09
0.6353,-0.0942,-0.1221,38.72,33.659,13.11,0.6537,100750.8
0.6763,-0.1494,-0.188,43.232,41.402,23.78,0.7176,100750.24
0.9058,-0.1245,-0.2964,13.415,15.732,6.402,0.9611,100750.3
0.9419,-0.0083,-0.4658,-34.878,18.78,6.585,1.0508,100751.37
0.9644,-0.0127,-0.2095,29.512,15.732,-10.915,0.9869,100751.05
1.0625,-0.0088,-0.3662,24.268,12.988,12.866,1.1239,100750.18
1.2236,-0.0327,-0.5615,9.756,4.268,36.037,1.3467,100750.05
1.2012,-0.2456,-0.3594,53.72,22.622,10.305,1.2776,100750.66
1.2905,-0.1885,-0.1113,41.28,20.976,-13.476,1.309,100749.65
1.1899,-0.0107,0.04,18.232,-19.451,-58.415,1.1907,100748.9
0.7666,-0.0391,-0.1191,-3.354,-23.354,-9.329,0.7768,100748.84
0.7266,-0.1318,-0.1274,-6.829,-21.037,-1.28,0.7493,100748.91
0.854,0.021,-0.2402,-7.866,-12.012,-26.646,0.8874,100748.97
1.0,0.0684,-0.1387,15.732,-5.488,-34.39,1.0119,100748.52
0.8975,-0.0059,-0.2271,-29.817,-19.817,-22.683,0.9258,100748.44
0.7749,-0.041,-0.2812,-29.695,-9.146,-15.305,0.8254,100748.37
0.8101,-0.0293,-0.2173,2.927,10.61,-6.951,0.8392,100747.81
0.7778,0.04,-0.2446,10.244,12.378,-4.634,0.8164,100747.28
0.8511,0.0571,-0.249,-14.512,4.878,-12.378,0.8886,100747.13
0.9678,-0.0254,-0.3594,-38.171,4.268,-17.5,1.0327,100747.15
1.0923,0.0435,-0.3843,-17.866,0.061,-12.561,1.1587,100746.54
1.1699,0.0957,-0.4536,-15.793,6.646,20.122,1.2584,100746.59
1.127,0.0586,-0.4639,-29.512,7.683,51.159,1.2201,100746.12
1.1978,-0.0264,-0.2642,-18.72,6.037,21.89,1.2268,100745.77
1.2793,0.064,-0.1509,-28.232,-6.463,2.927,1.2898,100745.89
0.9438,-0.0479,-0.1216,-13.537,-2.5,6.646,0.9528,100746.23
0.7539,-0.103,-0.1812,-2.012,0.305,0.915,0.7822,100746.37
0.8271,-0.0698,-0.1401,17.927,-3.659,-13.78,0.8418,100746.23
0.8862,-0.002,-0.1514,18.902,-15.183,-31.585,0.8991,100745.87
0.9199,0.043,-0.2822,-13.902,-8.72,-13.232,0.9632,100746.38
0.8174,0.0181,-0.2739,-10.427,-7.561,-1.159,0.8623,100745.77
0.6533,-0.0317,-0.2031,-2.073,1.524,8.049,0.6849,100746.16
0.6973,0.0229,-0.1226,35.183,15.793,-8.78,0.7083,100746.35
1.0376,0.0557,-0.3682,23.963,39.207,-1.098,1.1024,100746.11
1.0376,0.0049,-0.3052,78.537,45.793,-1.341,1.0816,100745.93
0.8188,-0.1616,-0.0557,43.963,13.659,18.598,0.8365,100745.81
1.1597,-0.0132,-0.4272,-42.866,-34.756,7.622,1.2359,100746.11
1.4053,-0.1079,-0.6177,-34.939,-23.232,-1.89,1.5388,100746.2
1.4468,-0.0879,-0.4082,11.22,4.39,7.683,1.5058,100745.12
1.272,0.0908,-0.1826,2.744,-4.329,13.659,1.2882,100744.71
0.8545,0.0093,-0.0576,-14.268,-14.634,1.707,0.8565,100744.41
0.6738,0.0986,-0.0674,8.415,-24.756,-6.28,0.6843,100744.8
0.8325,0.145,-0.1421,29.085,-15.488,-12.195,0.8569,100744.23
0.9512,0.0713,-0.189,21.524,-7.195,-13.72,0.9724,100744.05
0.812,0.0127,-0.3975,-27.134,-15.366,-6.829,0.9042,100743.17
0.7725,0.0435,-0.2905,-11.646,-18.476,-34.268,0.8264,100742.89
0.7339,0.0342,-0.2446,10.61,-0.732,-31.951,0.7743,100743.3
0.7476,0.0254,-0.2192,11.28,17.256,-11.341,0.7795,100743.61
0.7305,-0.0098,-0.1782,9.268,19.939,-2.073,0.752,100743.22
0.873,0.0308,-0.3037,-15.244,17.988,6.341,0.9249,100743.67
1.1387,0.105,-0.2666,-17.073,31.28,3.963,1.1742,100744.11
1.3091,0.1533,-0.4951,-49.939,0.305,20.366,1.408,100744.46
1.2842,0.1216,-0.5649,-42.073,3.476,18.232,1.4082,100743.85
1.1167,0.0859,-0.3726,16.463,7.866,26.707,1.1803,100743.39
1.0439,0.1216,-0.1147,9.634,5.671,30.488,1.0572,100742.58
1.0879,0.0381,-0.2271,-32.988,17.134,7.744,1.112,100741.97
0.917,-0.063,-0.1597,-23.11,8.78,-2.012,0.9329,100741.38
0.8022,-0.1836,0.0098,41.951,-1.89,-50.183,0.823,100741.56
0.8799,-0.0142,-0.063,30.061,-38.354,-55.122,0.8822,100741.23
0.9463,0.1084,-0.3027,-32.134,-31.524,-15.671,0.9994,100740.59
0.979,0.0103,-0.4326,-14.634,2.317,7.256,1.0704,100740.76
0.8364,-0.0947,-0.2808,20.305,13.476,32.561,0.8874,100741.11
0.7515,-0.0625,-0.1274,9.39,-0.854,29.024,0.7648,100741.4
0.6201,-0.0083,-0.1782,-7.439,-22.744,14.451,0.6453,100741.61
0.8394,0.0239,-0.2485,4.451,-2.378,-5.61,0.8757,100741.52
0.9146,-0.0078,-0.3726,5.732,-1.28,13.476,0.9876,100741.58
0.9941,-0.0503,-0.5015,-14.268,16.463,16.402,1.1146,100741.86
1.1445,-0.0933,-0.4062,22.5,22.744,1.951,1.2181,100742.23
1.2671,-0.0376,-0.4653,11.098,11.463,4.207,1.3504,100742.87
1.2715,-0.0562,-0.3804,-4.329,4.695,4.756,1.3283,100743.62
1.2466,-0.0029,-0.2988,-35.854,3.537,-6.159,1.2819,100743.16
1.1099,0.0649,-0.0967,-25.976,-12.5,-29.024,1.116,100742.82
0.792,-0.0029,-0.1162,-1.585,-21.829,-25.061,0.8005,100742.06
0.7485,-0.0015,-0.0728,24.817,-3.293,1.646,0.7521,100741.52
0.7925,0.0425,-0.0786,24.878,5.976,-5.122,0.7975,100740.6
0.9126,0.1392,-0.2588,2.256,7.805,-7.683,0.9587,100740.05
0.9507,0.0469,-0.2642,14.512,11.524,-4.695,0.9878,100740.26
0.8882,0.001,-0.2402,-6.524,3.598,-11.829,0.9201,100740.16
0.8062,0.0513,-0.1548,-1.28,7.5,-9.878,0.8225,100739.59
0.8062,0.0234,-0.1094,-6.463,15.366,-13.72,0.8139,100739.01
0.8828,0.0908,-0.2256,-21.707,14.695,-8.476,0.9157,100738.36
0.9092,0.0327,-0.2695,-19.451,31.89,11.768,0.9489,100738.02
1.0537,-0.0005,-0.2954,-19.939,32.317,8.902,1.0943,100738.36
1.1094,0.0703,-0.3501,-26.341,6.402,3.963,1.1654,100738.38
1.2212,0.1421,-0.3589,-25.61,-12.683,-0.671,1.2807,100738.24
1.1709,0.1738,-0.3291,-19.024,-6.159,21.951,1.2286,100738.54
1.1577,0.0684,-0.1118,-35.427,12.683,8.171,1.1651,100738.02
1.1064,0.0283,-0.0688,-5.244,5.976,-34.695,1.1089,100737.49
1.0195,0.0107,-0.0034,30.183,-23.293,-34.695,1.0196,100737.73
0.9189,-0.0845,-0.1938,-5.732,-12.439,22.927,0.943,100738.02
0.8994,0.0039,-0.1191,20.366,-16.707,26.829,0.9073,100737.63
0.7144,0.1045,-0.3472,-21.89,-50.854,30.915,0.8011,100737.35
0.7607,-0.0176,-0.229,5.732,-20.671,14.817,0.7947,100737.14
0.8193,-0.1333,-0.0649,2.988,-14.085,2.988,0.8326,100737.84
0.7808,-0.0918,-0.1689,-1.402,-17.439,-8.598,0.8041,100737.5
0.9336,0.043,-0.2573,11.524,-1.159,3.841,0.9694,100736.64
0.8682,0.0142,-0.5522,-8.963,15.488,52.5,1.029,100737.23
0.9092,-0.0654,-0.2954,18.415,41.159,36.768,0.9582,100736.91
0.9067,-0.1279,-0.2788,24.146,19.817,-11.22,0.9572,100737.07
1.1665,-0.0576,-0.3823,8.11,8.963,-20.976,1.2289,100737.08
1.272,-0.0947,-0.4404,17.744,10.854,-7.866,1.3494,100737.3
1.2964,-0.0693,-0.3428,-5.793,7.073,-12.622,1.3427,100737.52
1.2788,0.1172,-0.0669,15.915,4.451,-96.28,1.2859,100737.17
0.8457,0.1445,-0.1152,-20.854,-18.78,-55.976,0.8657,100737.27
0.7969,0.0698,-0.0044,34.939,-13.659,-33.293,0.7999,100737.12
0.9541,0.1089,-0.0757,31.402,0.793,-16.585,0.9633,100737.73
0.9644,0.2363,-0.208,9.146,-1.402,3.659,1.0144,100737.45
0.8203,0.144,-0.2539,-6.585,-10.793,22.5,0.8707,100737.36
0.7954,0.0991,-0.2598,-1.28,-13.232,-5.183,0.8426,100736.56
0.7725,0.0791,-0.1636,12.683,12.988,-18.354,0.7935,100736.09
0.7803,0.0742,-0.0669,27.195,16.159,-26.22,0.7866,100736.09
0.8682,0.0918,-0.0972,-15.183,4.756,-9.634,0.8784,100735.61
0.9028,0.1309,-0.2935,-48.354,5.61,15.549,0.9583,100736.02
1.0142,0.1289,-0.3486,-43.354,17.195,-1.159,1.0801,100735.46
1.1431,0.1514,-0.3281,-30.61,22.988,-11.524,1.1988,100735.03
1.1489,0.1519,-0.2603,-19.512,6.037,-2.256,1.1878,100735.34
1.0869,0.2344,-0.271,-9.146,8.293,16.037,1.1444,100735.59
1.2178,0.1738,-0.1948,-25.549,8.049,19.512,1.2454,100735.38
1.229,0.1934,-0.1953,-48.11,4.634,-9.024,1.2594,100734.86
0.9512,0.1553,-0.1694,8.049,-5.366,-2.622,0.9785,100735.73
0.7695,-0.0166,0.0508,40.061,-16.768,5.244,0.7714,100736.23
0.8604,0.063,-0.1958,-2.378,-16.402,0.244,0.8846,100735.88
0.9883,0.1187,-0.1812,11.585,-18.171,12.744,1.0117,100736.71
0.9414,0.1338,-0.4658,-24.817,-38.72,26.707,1.0588,100735.99
0.8237,0.1353,-0.271,5.0,-18.598,15.427,0.8776,100736.06
0.7344,0.0186,-0.0674,38.171,-7.317,11.463,0.7377,100735.76
0.7427,-0.043,-0.0879,55.671,-26.037,-2.927,0.7491,100736.02
0.7803,-0.063,-0.2808,16.951,-40.488,14.756,0.8316,100736.09
0.7812,-0.0425,-0.436,-3.415,-27.805,22.073,0.8957,100735.66
0.9458,0.0352,-0.3511,-10.0,18.11,3.841,1.0095,100735.7
1.0288,0.0,-0.4785,-5.061,16.768,-2.5,1.1346,100735.37
0.9966,0.0244,-0.3569,25.549,5.854,-7.134,1.0589,100734.12
1.0693,0.0381,-0.4419,21.829,1.646,-10.061,1.1577,100735.16
1.1558,0.0215,-0.5127,27.866,-1.951,0.549,1.2646,100734.47
1.2817,0.0146,-0.4326,15.183,19.39,0.671,1.3529,100734.31
1.1958,0.0806,-0.3354,-9.329,20.244,-3.293,1.2446,100734.72
0.813,0.0142,-0.2065,-22.256,2.683,-1.037,0.8389,100735.16
0.7612,0.106,-0.0923,38.963,6.037,-17.195,0.7741,100735.21
0.7612,0.106,-0.0923,38.963,6.037,-17.195,0.7741,100735.41
0.9624,0.126,-0.0151,61.646,12.622,-41.646,0.9707,100734.66
0.9404,0.0762,-0.2358,-3.171,5.061,-17.622,0.9725,100734.61
0.9141,0.083,-0.3086,-23.293,-9.024,-19.329,0.9683,100735.55
0.8516,0.1279,-0.3423,-30.427,-1.707,-22.439,0.9267,100735.19
0.8579,0.1592,-0.2109,37.439,11.098,-36.585,0.8977,100734.88
0.7871,0.1396,-0.1396,32.439,10.244,-13.171,0.8115,100734.17
0.7773,0.1289,-0.1797,17.927,10.244,-7.805,0.8082,100734.74
0.7847,0.0679,-0.1777,-3.11,5.122,-21.22,0.8074,100734.54
0.9111,0.1436,-0.376,-40.732,9.207,-22.5,0.9961,100735.04
0.9463,0.207,-0.4199,-7.256,5.366,-10.671,1.0558,100735.23
0.9565,0.2563,-0.4775,-15.671,-0.244,-2.439,1.0994,100734.8
0.9893,0.2788,-0.3687,1.707,-2.683,2.012,1.0919,100734.34
1.1558,0.2378,-0.3384,0.732,-13.354,22.988,1.2275,100734.37
1.1646,0.1958,-0.4756,3.72,-32.012,38.659,1.2731,100733.54
1.1357,0.2002,-0.1899,38.78,-14.146,-12.866,1.1688,100733.15
1.0317,0.2148,-0.1196,30.793,-13.841,-64.024,1.0606,100733.1
0.958,0.1836,-0.1816,47.5,-1.524,-68.11,0.9922,100733.21
0.9951,0.1289,-0.1865,67.134,23.72,-33.78,1.0206,100733.42
0.9526,0.2124,-0.0962,112.927,18.902,-25.305,0.9808,100733.32
0.8667,0.2041,-0.1621,84.573,10.183,-20.305,0.905,100733.49
0.8037,0.1709,-0.1035,80.0,5.793,-14.817,0.8282,100732.77
0.752,0.123,-0.2207,62.5,14.207,1.89,0.7933,100733.23
0.7402,0.0771,-0.2295,77.195,9.085,-20.183,0.7788,100732.58
0.835,0.1621,-0.165,90.976,0.366,-40.976,0.8664,100732.35
0.9072,0.1519,-0.2378,95.427,11.829,-28.78,0.9501,100732.17
0.9023,0.0894,-0.2393,99.695,4.573,-29.329,0.9378,100732.52
0.9316,0.2139,-0.3809,86.585,3.841,-40.854,1.029,100731.8
0.8916,0.1294,-0.2642,128.902,22.195,-38.354,0.9389,100733.0
0.8364,0.042,-0.1831,135.671,17.256,-45.732,0.8573,100732.77
0.9692,0.0537,-0.3008,133.963,5.671,-53.171,1.0163,100732.25
1.0796,0.1938,-0.3809,117.5,16.463,-40.61,1.1611,100732.2
1.0449,0.1831,-0.2959,88.72,16.585,-77.439,1.1013,100731.55
0.8047,0.1719,-0.313,122.073,-0.427,-79.268,0.8804,100731.7
0.7676,0.1553,-0.3315,124.939,14.756,-36.646,0.8504,100732.33
0.8921,0.2168,-0.3838,109.939,22.927,-52.744,0.995,100733.16
0.9102,0.3779,-0.3315,119.634,17.317,-102.927,1.0398,100733.91
0.8032,0.4927,-0.2563,119.817,27.317,-64.207,0.9765,100732.75
0.8442,0.3208,-0.354,107.317,49.878,-23.598,0.97,100733.11
0.9111,0.1235,-0.3579,101.524,53.293,-47.988,0.9867,100733.12
0.9175,0.1763,-0.3828,89.939,30.854,-69.146,1.0096,100732.79
0.9185,0.2412,-0.3643,80.61,30.671,-58.78,1.0171,100732.9
0.8901,0.252,-0.3979,67.317,30.915,-29.573,1.0071,100732.85
0.855,0.2412,-0.3599,86.89,32.988,-20.976,0.9585,100733.33
0.856,0.2017,-0.4009,87.256,27.927,-15.183,0.9665,100733.55
0.8828,0.1807,-0.3833,78.232,4.085,-32.5,0.9792,100733.85
0.9312,0.2065,-0.3965,58.049,1.524,-32.012,1.0329,100734.8
0.9463,0.1938,-0.376,71.463,-0.305,-15.488,1.0365,100734.41
0.9375,0.2197,-0.3784,27.927,-6.524,9.878,1.0346,100734.24
1.1318,0.2939,-0.3442,0.427,0.366,-14.451,1.219,100733.14
1.1045,0.2529,-0.332,-12.561,-9.756,-35.976,1.1807,100733.18
0.8403,0.1343,-0.272,25.915,-25.488,-20.366,0.8934,100733.09
0.7852,0.0337,-0.2114,66.89,-5.122,-25.427,0.8138,100733.88
0.9712,0.1265,-0.2217,94.756,23.963,-36.524,1.0042,100733.62
1.063,0.2397,-0.3452,63.354,36.28,0.0,1.1431,100733.55
0.9595,0.147,-0.4346,27.317,20.732,27.134,1.0635,100733.5
0.7852,0.0576,-0.3364,45.488,14.268,12.805,0.8561,100733.7
0.6997,0.0449,-0.2256,41.829,19.512,3.476,0.7365,100733.38
0.7471,0.0674,-0.3042,34.024,18.476,-8.659,0.8094,100733.62
0.8882,0.0518,-0.3384,75.854,18.659,-16.829,0.9519,100733.68
0.9678,0.0425,-0.375,67.683,3.171,-1.463,1.0388,100733.84
0.793,0.0449,-0.4062,-7.927,-5.244,13.598,0.8921,100733.72
0.6445,-0.0054,-0.3262,2.683,-14.512,-17.378,0.7224,100734.09
0.6035,0.0132,-0.3091,-1.037,-11.463,-30.122,0.6782,100734.41
0.6777,0.0054,-0.3594,31.89,-16.89,-25.122,0.7671,100734.38
0.8271,0.0083,-0.3857,22.622,-18.72,-13.11,0.9127,100734.86
0.8311,0.0186,-0.4712,11.646,-18.902,-10.61,0.9555,100734.6
1.0522,0.0146,-0.498,54.634,-24.512,-3.598,1.1643,100734.4
1.3989,0.1499,-0.3857,-1.159,-4.512,36.524,1.4589,100733.64
1.3042,0.2241,-0.4468,-47.317,-2.012,-11.28,1.3967,100733.69
0.7896,0.2837,-0.4111,-15.0,-19.451,-22.622,0.9343,100733.7
0.8091,0.292,-0.4663,30.305,7.622,20.183,0.9784,100733.12
1.2935,0.083,-0.4561,33.598,61.22,26.524,1.374,100733.05
1.1367,0.0371,-0.417,32.195,12.012,-39.207,1.2114,100733.23
0.6514,0.0356,-0.313,15.732,-34.756,-37.683,0.7235,100733.41
0.563,0.0063,-0.2783,2.622,2.012,-10.793,0.6281,100733.65
0.791,0.166,-0.3809,16.585,24.939,-9.817,0.8935,100734.2
0.8623,0.1919,-0.3242,21.768,10.915,-23.659,0.941,100734.87
0.6772,0.1387,-0.396,12.5,-25.793,-26.646,0.7967,100734.37
0.5991,0.1523,-0.418,1.707,-18.902,1.829,0.7462,100734.85
0.6191,0.1021,-0.3174,2.256,-9.512,13.171,0.7032,100735.23
0.688,0.0513,-0.4697,-1.22,-16.707,7.5,0.8346,100735.02
1.0312,0.1807,-0.5601,14.451,-21.341,1.463,1.1873,100734.96
0.9258,0.0552,-0.4121,5.061,-17.988,-35.793,1.0149,100735.05
0.9956,0.0493,-0.5522,-30.0,35.671,60.671,1.1396,100734.76
1.0498,0.0771,-0.6802,-46.89,11.28,35.0,1.2533,100735.16
1.1367,0.0576,-0.5264,9.329,43.11,-36.463,1.254,100735.34
0.7778,0.3179,-0.4106,18.476,17.439,-39.695,0.9353,100736.23
0.5811,0.23,-0.2324,-38.841,0.854,8.841,0.6667,100735.89
0.5947,-0.001,-0.439,-65.671,46.829,57.378,0.7392,100736.02
0.6401,-0.0698,-0.4873,46.037,4.39,-2.744,0.8075,100736.11
0.6089,-0.0132,-0.2812,65.671,-12.5,-35.0,0.6708,100736.05
0.6479,0.0513,-0.3149,30.549,-4.695,-10.732,0.7223,100736.27
0.8916,0.0244,-0.4194,33.354,-16.037,1.22,0.9856,100736.42
1.0278,-0.064,-0.5723,22.378,-33.841,12.622,1.1781,100736.16
1.1968,0.1719,-0.562,11.341,-12.378,-7.256,1.3333,100736.98
1.187,0.354,-0.3247,23.72,17.317,-15.732,1.2805,100736.45
0.9336,0.2827,-0.335,7.683,-8.902,29.329,1.0314,100736.95
1.2329,0.2124,-0.5063,-25.366,15.915,34.268,1.3497,100737.08
1.4043,0.2471,-0.5571,5.488,39.756,-32.5,1.5308,100737.28
0.8867,0.1392,-0.5254,27.073,-23.598,-50.549,1.04,100737.08
0.5527,-0.0391,-0.3071,24.817,2.378,10.671,0.6335,100735.93
0.7393,0.0708,-0.2485,33.293,47.439,37.073,0.7831,100736.54
0.8516,0.1265,-0.3271,0.244,11.159,-9.451,0.921,100736.26
0.6323,0.126,-0.3457,-20.122,-12.073,-11.159,0.7316,100736.55
0.6689,0.1172,-0.4194,-8.293,8.902,14.024,0.7982,100737.38
0.6738,0.127,-0.4492,8.841,-0.976,-9.634,0.8197,100736.45
0.7622,0.1206,-0.3208,0.061,7.195,2.622,0.8357,100736.58
0.8755,0.1118,-0.5415,-13.049,-30.793,1.341,1.0355,100736.55
0.9614,0.1445,-0.4673,-22.927,-26.89,2.256,1.0787,100735.77
1.0942,0.0737,-0.4639,-40.305,-22.012,-11.098,1.1908,100735.96
1.2021,-0.0093,-0.3823,2.988,-10.305,-45.915,1.2615,100736.83
1.1211,0.04,-0.3745,42.561,12.683,-23.354,1.1827,100737.87
1.2886,0.127,-0.5034,6.037,25.366,18.11,1.3892,100738.51
1.1582,0.1172,-0.4878,-88.415,13.72,19.329,1.2622,100738.36
0.8188,0.1743,-0.4766,-55.549,7.927,4.146,0.9633,100738.5
0.7363,0.0972,-0.2549,27.622,34.39,17.256,0.7852,100738.23
0.833,0.0283,-0.3589,11.341,32.561,1.646,0.9075,100738.44
0.7461,-0.0415,-0.4023,8.476,2.317,-16.707,0.8487,100738.45
0.6729,0.0049,-0.396,6.951,-1.768,-16.89,0.7807,100737.84
0.729,0.0586,-0.3223,27.317,9.024,-16.28,0.7992,100738.02
0.7114,-0.022,-0.3037,-13.049,6.098,8.476,0.7739,100737.89
0.7422,-0.0347,-0.4048,29.39,-22.5,5.671,0.8461,100738.8
0.7544,0.0439,-0.4346,23.11,-30.061,17.622,0.8717,100739.11
0.8975,0.022,-0.502,-19.024,-17.866,27.073,1.0285,100738.97
1.1738,0.0322,-0.5103,13.415,-15.427,8.841,1.2803,100739.61
1.2632,0.1523,-0.356,22.988,-1.524,-21.585,1.3212,100740.34
1.1304,0.3262,-0.3672,-22.866,-24.085,-9.268,1.2325,100739.91
0.9966,0.1533,-0.3389,-29.939,-14.329,24.024,1.0637,100741.05
1.0815,0.1836,-0.5103,11.341,27.561,53.293,1.2099,100741.18
1.2393,0.0825,-0.4409,17.927,46.951,8.598,1.3179,100740.13
0.939,0.0786,-0.4448,9.756,-8.415,-61.22,1.042,100739.5
0.6377,0.0122,-0.3311,-4.573,-20.671,-26.524,0.7186,100740.01
0.5571,-0.0078,-0.2505,8.537,21.22,46.524,0.6109,100740.64
0.7017,0.041,-0.3149,5.183,31.89,23.598,0.7702,100741.02
0.7563,0.0786,-0.332,-18.72,3.049,-16.402,0.8298,100740.64
0.75,0.124,-0.3696,-31.707,7.378,-9.512,0.8453,100740.37
0.666,0.082,-0.3721,-24.451,-8.293,8.659,0.7673,100740.65
0.6318,0.0444,-0.3389,-9.756,-23.598,24.207,0.7183,100740.64
0.8154,0.1094,-0.397,2.317,-17.622,32.195,0.9135,100740.24
1.1616,0.1118,-0.5283,-23.232,-17.134,29.085,1.281,100741.2
1.2305,-0.0708,-0.4727,-27.073,-14.268,-7.561,1.32,100741.44
1.168,-0.1367,-0.437,11.829,-14.695,-19.39,1.2545,100742.34
1.4277,-0.0454,-0.4829,10.061,19.39,-6.89,1.5079,100741.89
1.3862,0.0483,-0.6187,-37.439,10.366,-29.329,1.5188,100742.82
0.8105,0.1841,-0.3945,-27.256,-21.524,-32.256,0.9201,100742.4
0.5356,0.1396,-0.2231,-25.549,12.805,10.122,0.5968,100741.94
0.6494,0.0029,-0.2739,1.829,49.512,20.427,0.7048,100741.87
0.7144,-0.0366,-0.2598,47.012,23.049,0.915,0.761,100741.68
0.6025,-0.0156,-0.3867,8.171,-16.829,-10.854,0.7161,100742.66
0.4697,-0.0405,-0.3315,0.0,-7.256,10.732,0.5764,100742.76
0.6616,-0.1152,-0.2974,33.902,9.756,12.622,0.7345,100742.6
1.0288,-0.061,-0.4873,9.512,-8.598,-15.976,1.14,100742.23
1.1123,0.0913,-0.5728,9.268,-35.244,-25.976,1.2544,100743.33
1.1592,0.0908,-0.5576,-7.5,-23.78,3.598,1.2895,100742.78
1.3057,0.1675,-0.3828,16.524,21.951,5.061,1.3709,100742.0
1.1709,0.292,-0.3789,-21.829,-31.951,-23.598,1.2648,100742.05
1.0142,0.2012,-0.4463,-34.573,-18.232,23.537,1.1261,100742.45
1.3198,0.2407,-0.5469,3.598,26.402,7.012,1.4488,100743.14
1.0479,0.1226,-0.5371,-5.122,4.39,-19.512,1.1838,100742.03
0.5195,-0.0815,-0.3872,-32.683,-9.695,34.634,0.6531,100741.59
0.5571,-0.042,-0.1323,60.366,16.951,14.573,0.5742,100741.86
0.7749,0.124,-0.2954,-12.561,48.902,11.22,0.8385,100741.69
0.8101,0.0854,-0.3384,-7.195,23.11,4.634,0.882,100742.34
0.7788,0.1089,-0.3271,-31.524,-15.122,2.561,0.8517,100743.06
0.7388,0.2124,-0.4663,-55.549,-21.037,-10.488,0.8991,100743.49
0.6328,0.1167,-0.3623,-5.793,-7.988,-3.598,0.7385,100743.91
0.5396,0.1157,-0.2256,62.012,3.415,15.732,0.5962,100743.74
0.811,0.147,-0.3486,33.476,17.561,30.183,0.8949,100743.25
1.1372,0.0063,-0.4907,-46.402,20.61,65.732,1.2386,100743.87
1.3413,-0.1914,-0.3774,-18.11,2.927,-16.89,1.4065,100744.96
1.2749,-0.1553,-0.4785,-0.427,-13.232,-35.305,1.3706,100744.04
1.3789,-0.1528,-0.2896,34.39,15.061,-6.89,1.4172,100743.81
1.3774,0.0884,-0.583,-39.451,2.012,-14.085,1.4984,100743.64
0.8374,0.0854,-0.479,-23.72,-13.293,-5.793,0.9685,100743.67
0.6089,0.0249,-0.3188,-8.598,13.171,18.171,0.6878,100743.67
0.6772,-0.0254,-0.3267,-21.89,26.463,16.463,0.7523,100744.54
0.7109,-0.0215,-0.2612,12.317,12.012,-23.841,0.7577,100744.96
0.7485,0.0132,-0.312,24.146,-6.28,-56.402,0.8111,100744.77
0.6987,-0.0215,-0.2954,17.439,8.049,-22.256,0.7589,100745.86
0.6641,-0.0029,-0.2979,34.39,2.5,-1.646,0.7278,100746.45
0.7622,0.0107,-0.3081,19.024,-12.5,-2.927,0.8222,100746.38
0.834,0.1177,-0.5864,-32.866,-15.854,12.744,1.0263,100747.21
1.0693,0.1426,-0.5391,11.402,-24.573,-2.317,1.206,100747.6
1.1665,-0.0073,-0.4746,-60.183,-13.659,30.61,1.2594,100747.38
1.2451,0.0605,-0.4141,10.671,-11.829,-5.671,1.3136,100747.34
1.0464,0.1958,-0.2998,4.268,-10.793,-1.037,1.106,100746.95
1.0498,0.2388,-0.3481,43.354,15.366,16.463,1.1315,100747.02
1.4092,0.1284,-0.3574,1.402,40.122,-1.829,1.4595,100746.84
1.0781,-0.0312,-0.5698,-45.671,-6.768,-45.427,1.2198,100747.18
0.6997,-0.0991,-0.3735,-3.476,-19.695,-41.585,0.7993,100747.45
0.6538,0.144,-0.2002,24.573,1.341,-16.768,0.6988,100747.76
0.7139,0.146,-0.2993,-19.085,33.476,12.5,0.7877,100748.01
0.7778,0.0073,-0.2705,-6.037,36.951,16.768,0.8236,100747.82
0.7949,0.125,-0.2715,-5.061,19.817,-9.085,0.8493,100747.8
0.7212,0.2285,-0.3647,-10.793,8.11,-0.915,0.8399,100747.91
0.5806,0.1436,-0.2964,18.537,0.183,11.524,0.6675,100747.88
0.6479,0.1108,-0.3271,13.963,0.366,9.939,0.7343,100748.11
0.9175,0.2114,-0.4756,7.378,-16.951,-3.72,1.0548,100748.65
1.0552,0.1562,-0.4644,-12.744,-40.915,-2.195,1.1634,100748.56
1.1519,-0.1025,-0.2065,-32.073,-26.585,-5.671,1.1747,100748.61
1.146,-0.1533,-0.2837,-71.951,-16.159,-20.488,1.1905,100749.16
1.2671,0.0088,-0.4248,-15.488,-0.976,-26.341,1.3364,100749.81
1.5762,0.3184,-0.6372,1.463,19.39,-3.963,1.7297,100749.16
1.228,0.2744,-0.5103,-126.951,26.463,37.744,1.3578,100749.7
0.647,0.0977,-0.2437,-52.012,-1.22,5.732,0.6982,100748.6
0.6084,0.0605,-0.3491,-29.146,23.598,26.402,0.7041,100748.51
0.7407,0.0371,-0.25,7.073,45.305,39.695,0.7827,100748.48
0.6357,-0.0029,-0.3105,53.902,9.512,11.28,0.7075,100748.69
0.7007,-0.0386,-0.1948,125.427,-12.012,-38.598,0.7283,100748.71
0.5918,-0.0903,-0.2471,6.463,-10.244,14.878,0.6476,100750.22
0.5767,-0.0547,-0.2378,0.793,-29.573,7.012,0.6262,100750.49
1.0156,0.0903,-0.5449,0.671,-36.768,0.549,1.1561,100750.44
1.2637,0.0459,-0.6226,-36.585,-29.756,10.366,1.4095,100750.3
1.2642,0.0229,-0.4697,-45.854,-16.159,9.817,1.3488,100750.56
1.1543,0.3218,-0.2646,-15.671,-16.524,-4.085,1.2272,100751.76
1.1807,0.3667,-0.3018,15.0,5.732,32.744,1.2726,100751.18
1.4429,0.1758,-0.4004,36.585,25.427,25.854,1.5077,100750.48
1.0361,0.0859,-0.5352,-53.232,-5.671,-11.89,1.1693,100750.21
0.5771,0.0581,-0.3936,3.415,-30.793,-42.073,0.701,100750.73
0.6738,0.0747,-0.2095,35.244,5.61,-16.707,0.7096,100750.66
0.7266,0.1543,-0.3296,-10.061,35.915,25.183,0.8126,100751.09
0.6865,0.0825,-0.2471,0.488,25.854,19.39,0.7343,100750.91
0.7432,0.1021,-0.3164,2.622,-1.829,-11.159,0.8141,100750.77
0.7646,0.1313,-0.4355,-2.561,2.073,-12.195,0.8897,100751.66
0.6484,0.1279,-0.3564,13.171,-10.305,-6.951,0.7509,100751.59
0.7456,0.2002,-0.5122,-4.939,-25.0,-4.146,0.9265,100752.88
0.9312,0.2412,-0.582,0.793,-15.732,5.0,1.1243,100752.88
1.0708,0.3022,-0.5801,35.854,-23.171,-12.256,1.2548,100752.76
1.1245,0.2095,-0.5522,7.378,-48.963,-33.049,1.2702,100753.53
1.1191,0.0371,-0.332,33.354,-23.11,-17.927,1.1679,100753.99
1.0635,-0.0854,-0.3726,37.927,-1.829,-25.122,1.1301,100753.34
1.1523,-0.0283,-0.3472,76.524,17.683,-51.707,1.2038,100753.11
1.2007,0.249,-0.4883,35.976,29.146,-56.402,1.3199,100752.8
0.9282,0.3555,-0.5264,23.72,1.768,-67.805,1.1247,100752.82
0.6777,0.2642,-0.3584,91.768,29.695,-26.463,0.8109,100753.09
0.687,0.1567,-0.2441,155.122,66.585,-11.707,0.7458,100752.16
0.8169,0.0718,-0.1333,170.305,60.976,-39.878,0.8308,100751.61
0.8525,-0.0151,-0.2061,102.073,43.293,-47.805,0.8772,100752.32
0.9463,0.0024,-0.3071,65.366,37.744,-50.183,0.9949,100752.0
1.0532,0.0693,-0.3491,69.512,24.146,-64.268,1.1117,100752.84
0.9824,0.1299,-0.5151,81.89,1.646,-64.756,1.1169,100752.26
0.9814,0.1675,-0.4917,101.768,4.573,-26.098,1.1104,100752.18
1.1953,0.333,-0.2983,116.524,38.659,-3.11,1.2762,100752.13
1.1118,0.4209,-0.0107,139.207,12.927,-42.378,1.1889,100751.48
0.8579,0.3618,-0.0435,118.963,-1.037,-59.39,0.9321,100751.24
0.8525,0.2109,-0.1987,108.415,31.829,-44.024,0.9005,100751.55
0.9868,0.1709,-0.3472,117.439,42.012,-40.122,1.06,100751.41
0.9556,0.2017,-0.2603,129.817,38.171,-40.549,1.0107,100751.2
0.9331,0.2549,-0.189,132.073,19.207,-54.573,0.9856,100750.9
0.9326,0.3628,-0.1719,130.854,13.293,-44.634,1.0153,100750.8
0.8755,0.3101,-0.1562,147.683,30.366,-27.683,0.9418,100750.61
0.9263,0.1577,-0.1982,151.402,32.012,-32.866,0.9603,100750.09
0.9771,0.2134,-0.3022,119.939,22.073,-49.024,1.0448,100749.83
1.0034,0.292,-0.2764,122.073,16.585,-57.744,1.081,100750.88
0.9839,0.3037,-0.2695,127.5,12.805,-40.488,1.0644,100751.35
0.8506,0.2119,-0.1777,126.159,3.232,-33.963,0.8944,100751.65
0.9097,0.1753,-0.1875,94.573,5.122,-33.415,0.9452,100751.38
1.061,0.1587,-0.2866,69.024,11.28,-26.829,1.1105,100751.06
1.0234,0.1123,-0.3276,53.72,-9.634,-33.78,1.0805,100750.94
0.8423,0.1509,-0.3774,6.829,-9.146,-10.061,0.9352,100751.23
0.9175,-0.0176,-0.1553,64.573,-0.671,-24.817,0.9307,100751.95
1.0024,-0.1055,-0.1226,65.915,-6.402,-40.915,1.0154,100753.37
0.9844,-0.0498,-0.1675,45.671,-15.549,-50.793,0.9998,100752.58
1.0312,0.0142,-0.2778,45.427,-11.098,-48.72,1.0681,100751.62
1.1606,0.1587,-0.3774,49.939,-1.098,-38.841,1.2307,100752.0
1.1221,0.0854,-0.3608,58.415,9.329,-26.768,1.1818,100752.55
0.8613,0.0054,-0.2822,91.28,10.854,-26.22,0.9064,100751.86
0.7993,0.0547,-0.1963,101.829,14.39,-30.854,0.8249,100751.59
0.8262,0.0537,-0.2827,53.049,31.037,-17.317,0.8749,100752.26
0.9204,0.0625,-0.4087,30.732,43.293,-10.61,1.009,100752.5
0.9673,0.0825,-0.5913,34.817,37.683,-6.159,1.1367,100752.45
0.8862,0.0933,-0.3672,47.927,22.5,4.512,0.9638,100752.89
0.854,0.1162,-0.3867,37.561,8.232,8.476,0.9447,100753.62
0.833,0.0723,-0.376,39.39,7.073,4.024,0.9168,100753.15
0.9644,0.1123,-0.3691,43.963,8.293,-7.256,1.0387,100753.7
1.0298,0.1113,-0.4775,30.793,5.915,-10.61,1.1406,100753.09
1.2148,0.1328,-0.501,38.232,21.646,-14.817,1.3208,100752.02
1.3184,0.0454,-0.2393,23.598,27.256,-3.841,1.3407,100751.58
1.063,0.0024,-0.1782,-32.744,-2.256,-10.061,1.0778,100752.27
0.9844,0.0767,-0.0015,-3.476,-23.415,-50.549,0.9874,100752.05
0.9424,0.1401,-0.1494,23.598,-15.976,-31.098,0.9644,100751.99
0.9839,0.1064,-0.1631,29.207,5.0,3.232,1.003,100752.2
0.9282,0.1763,-0.1753,3.841,-1.341,-11.768,0.9609,100752.37
0.9326,0.2188,-0.3154,-12.866,-2.805,-19.695,1.0085,100752.35
0.9233,0.1401,-0.1611,-3.049,2.561,-3.659,0.9477,100751.73
0.772,0.0605,-0.2681,-20.305,-11.098,-5.0,0.8194,100752.01
0.7085,0.0718,-0.2305,-0.427,-9.207,-8.354,0.7485,100751.86
