ax,ay,az,gx,gy,gz,avm,pressure
0.9419,0.104,-0.168,75.671,21.098,-24.695,0.9624,100733.8
0.895,0.0732,-0.1289,67.988,25.671,-22.927,0.9072,100733.49
0.9487,0.1079,-0.1836,73.415,12.317,-25.183,0.9723,100733.73
1.0176,0.1646,-0.2534,66.829,6.037,-19.085,1.0615,100733.92
0.9863,0.1567,-0.2261,59.634,-3.049,-10.549,1.024,100733.56
0.9355,0.0977,-0.2251,50.61,-24.634,-15.61,0.9672,100732.8
0.98,0.0747,-0.3027,49.939,-21.098,-19.146,1.0284,100732.98
1.1885,0.1587,-0.3037,38.598,-5.427,-9.39,1.2369,100733.86
1.2051,0.2026,-0.3804,15.549,-9.939,-18.476,1.2798,100733.53
0.9238,0.2988,-0.3589,29.878,-34.756,-19.085,1.0352,100732.56
0.8267,0.2788,-0.2373,47.744,-10.976,16.707,0.9041,100732.07
0.8101,0.0581,0.0078,38.841,-5.793,16.707,0.8122,100732.06
0.7983,-0.1592,-0.0332,21.402,-7.5,-21.22,0.8147,100731.2
1.0879,-0.189,-0.1104,59.817,0.366,-51.585,1.1097,100731.55
1.1416,-0.0288,-0.2095,41.037,-10.061,-30.61,1.161,100731.56
1.0884,0.3101,-0.4624,35.061,2.805,-15.976,1.2225,100731.95
0.9453,0.1978,-0.3335,65.793,21.098,5.854,1.0217,100731.98
0.7368,0.0063,-0.2085,62.012,27.5,22.927,0.7658,100731.75
0.6685,-0.0532,-0.1064,59.695,14.512,10.671,0.679,100732.59
0.7471,0.0278,-0.2148,57.5,12.134,-14.573,0.7778,100732.73
0.7739,-0.0317,-0.2944,57.805,9.146,-18.537,0.8286,100732.69
0.8198,-0.0894,-0.2183,56.098,1.768,-26.098,0.8531,100733.16
0.7651,-0.0264,-0.2393,27.5,-4.451,-33.049,0.8021,100733.39
0.5635,0.0449,-0.2065,31.585,-18.476,-26.707,0.6018,100732.94
1.2031,-0.0342,-0.3413,-30.0,-4.817,-15.0,1.2511,100733.76
1.272,0.0977,-0.123,-38.11,-18.11,-29.024,1.2816,100733.34
1.1362,0.2344,-0.0991,-16.524,-8.72,-7.622,1.1644,100733.16
1.2402,0.3452,-0.4741,-5.976,11.341,2.683,1.3719,100732.78
1.4956,0.2202,-0.3779,2.317,46.341,-1.28,1.5583,100732.49
1.0776,0.1289,-0.4131,14.512,14.024,-5.976,1.1613,100733.04
0.5483,-0.0625,-0.1758,50.183,14.451,15.366,0.5792,100733.31
0.7002,0.0112,-0.0674,27.073,13.537,-4.878,0.7035,100734.26
0.8457,0.1484,-0.2983,-23.598,-2.561,-19.085,0.909,100733.87
0.7656,0.0791,-0.2275,-28.902,4.451,-8.659,0.8026,100733.83
0.7505,0.1484,-0.2134,-17.256,-6.159,-5.244,0.7942,100733.93
0.7065,0.1934,-0.2642,-3.537,-9.512,11.524,0.7787,100734.62
0.6704,0.1592,-0.2402,4.817,-20.061,16.098,0.7297,100735.28
0.7632,0.1201,-0.438,7.622,-20.061,14.573,0.8881,100736.11
1.147,0.0869,-0.3477,1.463,-0.915,7.988,1.2017,100735.77
1.3291,0.1479,-0.2188,-47.561,-8.78,-12.622,1.3551,100735.27
1.2026,0.0767,-0.2334,-28.72,-7.134,-29.146,1.2275,100734.98
1.0898,-0.0596,-0.3345,29.573,-5.671,-15.244,1.1416,100735.04
1.0439,0.0215,-0.3613,30.366,3.354,11.524,1.1049,100735.57
1.2173,0.022,-0.2739,-8.78,38.537,28.841,1.2479,100735.62
1.3628,0.0488,-0.2417,-54.329,21.28,-22.744,1.3849,100734.89
0.7944,0.2876,-0.4316,-51.159,-22.5,-18.049,0.9488,100735.35
0.5752,0.124,-0.1382,34.573,20.671,34.207,0.6044,100735.33
0.6685,-0.0176,-0.4834,39.207,-11.707,11.402,0.8251,100736.18
0.6763,-0.1265,-0.1523,28.902,-8.72,5.183,0.7047,100736.16
0.6748,-0.0635,-0.2739,-2.256,-33.72,-15.915,0.731,100736.43
0.8311,-0.1074,-0.3369,-0.061,-27.317,-9.878,0.9032,100736.12
0.9819,-0.0576,-0.4536,2.317,-31.707,-7.134,1.0832,100735.66
1.2686,0.0269,-0.3921,-20.549,-32.256,-8.598,1.328,100736.3
1.1948,0.1411,-0.1138,-67.683,-17.073,-9.268,1.2085,100737.13
1.1333,0.5425,-0.4697,-65.549,-7.622,-3.598,1.3414,100737.41
1.3706,0.4053,-0.3721,42.561,48.049,37.134,1.4769,100737.36
1.2998,0.1299,-0.2847,37.988,43.476,21.22,1.3369,100737.56
0.8965,-0.0796,-0.3301,12.683,14.573,-7.805,0.9586,100737.12
0.6191,-0.0601,-0.1206,42.988,12.439,-1.159,0.6336,100737.65
0.7788,0.1738,-0.3022,22.378,16.341,5.488,0.8533,100737.04
0.7368,0.0571,-0.2412,-5.183,23.354,14.268,0.7774,100736.72
0.7529,0.0454,-0.2871,-27.927,-10.793,-12.988,0.8071,100737.21
0.6909,0.0933,-0.3042,-20.793,-12.622,-8.598,0.7607,100736.98
0.6147,0.1367,-0.1245,-4.268,5.183,15.854,0.642,100736.79
0.7783,0.1797,-0.3691,-1.159,-10.305,14.085,0.88,100736.91
0.9092,0.1431,-0.3906,6.402,-14.268,13.598,0.9998,100737.61
1.1187,0.0376,-0.2446,-10.0,-18.659,-3.293,1.1457,100737.89
1.2026,-0.1436,-0.1235,-15.915,-4.085,-41.22,1.2175,100737.12
1.3184,-0.0674,-0.2876,-11.707,4.756,-44.634,1.351,100738.27
1.5981,0.1387,-0.5752,0.061,17.805,-12.378,1.7042,100738.01
1.3716,0.2002,-0.4326,-9.756,18.171,0.671,1.4521,100738.43
0.8574,0.1436,-0.2324,-26.037,11.951,-5.61,0.8999,100738.77
0.5859,0.0723,-0.2144,1.402,2.012,7.683,0.6281,100738.14
0.7056,0.0298,-0.3711,40.488,19.268,25.671,0.7978,100738.64
0.8096,-0.0962,-0.2192,44.878,22.683,17.012,0.8442,100738.3
0.6265,-0.0845,-0.2017,12.866,-11.463,-1.646,0.6635,100738.91
0.5801,-0.0161,-0.1895,7.622,-9.878,3.841,0.6104,100739.12
0.6807,-0.0537,-0.2075,-1.829,-13.293,0.427,0.7136,100739.77
0.8286,0.0601,-0.3901,-10.305,-34.085,-20.915,0.9178,100740.51
1.1167,0.1392,-0.6201,-24.268,-44.268,-13.963,1.2849,100740.2
1.3188,0.0356,-0.3877,-12.195,-20.427,3.415,1.3751,100740.59
1.147,0.1123,-0.189,-21.585,1.341,12.561,1.1678,100741.0
1.1089,0.292,-0.1445,23.598,-5.122,0.793,1.1558,100741.57
1.3286,0.145,-0.4028,8.963,22.256,0.244,1.3959,100740.26
1.4233,0.1123,-0.521,-8.598,27.5,-15.732,1.5199,100739.52
0.8213,0.0854,-0.333,8.72,-10.244,-17.195,0.8903,100738.84
0.604,0.0493,-0.1826,9.695,-5.366,-10.976,0.6329,100739.09
0.7427,0.0371,-0.2939,4.634,20.549,10.61,0.7996,100739.77
0.8579,0.0586,-0.3506,6.768,23.415,26.402,0.9286,100739.79
0.771,0.0757,-0.147,0.427,17.256,21.951,0.7885,100739.9
0.7051,0.1211,-0.2212,-27.012,10.183,8.293,0.7488,100740.12
0.6289,0.1201,-0.2178,-13.598,-5.0,-2.744,0.6763,100740.53
0.6597,0.1968,-0.3389,-9.451,-11.037,-2.012,0.7673,100740.23
0.9219,0.146,-0.4951,-2.134,-1.22,9.573,1.0566,100739.37
1.1543,0.0171,-0.2769,12.195,-7.378,4.024,1.1872,100739.61
1.293,-0.1147,-0.0269,-0.976,12.805,-25.976,1.2983,100739.77
1.1919,-0.061,-0.0977,10.549,-2.683,-55.061,1.1974,100741.01
1.2153,0.0669,-0.499,9.207,17.805,3.354,1.3155,100739.84
1.3516,0.0596,-0.4014,4.451,28.78,40.915,1.4112,100740.56
1.0747,0.0488,-0.3213,-53.537,-8.354,-14.207,1.1228,100741.01
0.8774,0.1216,-0.2524,-47.622,1.524,-14.329,0.9211,100741.94
0.7412,0.1211,-0.1914,22.439,2.622,13.354,0.775,100741.16
0.6157,0.043,-0.3569,56.341,-17.378,8.902,0.713,100741.08
0.686,-0.0908,-0.3379,51.951,11.098,18.293,0.7701,100741.63
0.7031,-0.2197,-0.1958,14.817,6.463,8.659,0.7622,100742.17
0.7061,-0.0884,-0.2847,-22.256,-26.402,-16.28,0.7664,100743.06
0.9678,0.0664,-0.2827,-27.439,-21.098,-17.988,1.0104,100742.63
1.0503,0.1436,-0.4922,-44.207,-21.098,-8.11,1.1687,100743.29
1.0073,0.1304,-0.4458,-40.732,-39.207,-3.415,1.1093,100743.54
1.1021,0.1387,-0.2231,-21.768,-21.768,10.61,1.1329,100743.62
1.1519,0.2056,-0.1509,-3.415,7.195,13.171,1.1797,100743.3
1.2437,0.1362,-0.2915,7.439,25.305,-0.244,1.2846,100744.07
1.3042,0.1133,-0.4927,5.61,14.451,-7.195,1.3987,100744.5
1.0293,0.1099,-0.3604,7.988,1.768,-6.098,1.0961,100744.34
0.8623,0.0493,-0.0972,6.402,11.159,-10.976,0.8692,100744.09
0.7793,0.1084,-0.3052,-15.793,6.159,-18.11,0.8439,100742.55
0.7339,0.1353,-0.3955,3.354,7.805,-2.439,0.8446,100742.38
0.7656,0.1074,-0.2617,18.78,19.39,20.427,0.8162,100742.48
0.7944,0.1118,-0.2227,8.841,17.988,30.915,0.8326,100743.07
0.6206,0.0864,-0.1079,-3.049,-1.28,19.451,0.6358,100743.51
0.5161,0.123,-0.1934,-21.037,-17.439,-3.902,0.5647,100744.09
0.8164,0.1919,-0.5366,-3.171,-6.402,-8.537,0.9956,100743.41
1.1196,0.1538,-0.5195,44.207,-5.488,-0.61,1.2438,100743.27
1.2993,0.0161,-0.2246,9.39,-23.232,-14.634,1.3187,100744.52
1.3203,-0.0791,-0.1084,-17.195,-22.805,-43.415,1.3271,100743.98
1.1094,-0.0552,-0.4321,9.268,-22.5,-32.805,1.1918,100743.81
0.9575,0.0645,-0.5151,11.524,1.707,13.659,1.0892,100743.57
1.0928,0.0278,-0.3101,-38.11,17.561,8.72,1.1363,100743.64
1.145,0.0957,-0.4023,-77.866,5.915,-26.402,1.2174,100744.31
0.9175,0.3301,-0.3892,8.78,-1.707,-19.207,1.0498,100744.83
0.6333,0.1274,-0.2183,66.463,41.402,43.78,0.6819,100744.97
0.6255,-0.1055,-0.2681,51.768,27.195,31.341,0.6886,100745.32
0.6211,-0.125,-0.3442,8.293,-2.256,-6.585,0.721,100745.57
0.5962,-0.042,-0.2856,-3.963,-12.561,-11.402,0.6624,100746.39
0.707,-0.0186,-0.3208,6.22,-20.61,-2.317,0.7766,100746.39
0.916,0.0083,-0.4536,-5.122,-24.39,0.122,1.0222,100747.5
1.2202,0.1353,-0.5537,-40.549,-32.439,-15.61,1.3468,100747.72
1.3916,0.2222,-0.394,-36.037,-14.573,-8.78,1.4633,100746.64
1.1499,0.2305,-0.1836,3.415,-0.915,13.415,1.1871,100747.05
0.979,0.1646,-0.2676,13.78,9.573,19.39,1.0282,100747.13
1.2495,0.144,-0.5415,-6.341,27.439,12.988,1.3694,100747.2
1.356,0.0923,-0.3359,-0.793,31.159,3.78,1.4,100746.62
0.8774,0.0493,-0.1313,1.768,-5.549,-16.159,0.8886,100747.05
0.646,-0.0557,-0.2246,6.951,3.72,-2.195,0.6862,100746.52
0.7104,0.1431,-0.3862,0.488,14.085,16.159,0.8212,100747.47
0.7178,0.1753,-0.2812,-4.268,7.927,8.902,0.7906,100746.96
0.6406,0.0908,-0.2617,-23.171,1.463,-4.207,0.698,100747.7
0.6587,0.0244,-0.168,-1.463,-0.366,1.098,0.6802,100747.49
0.7437,0.0874,-0.1396,0.671,5.061,13.049,0.7617,100748.09
0.8467,0.1719,-0.4058,-12.317,-5.183,15.366,0.9545,100748.19
0.9585,0.126,-0.5239,-6.037,-16.463,12.317,1.0996,100747.25
1.0815,-0.0791,-0.2432,-4.878,-14.634,1.098,1.1114,100748.14
1.2861,-0.1152,-0.1631,-15.61,-17.927,-57.256,1.3015,100747.21
1.1562,0.1987,-0.3804,5.854,-31.829,-65.732,1.2333,100747.75
1.1548,0.2144,-0.5005,16.646,54.085,29.39,1.2767,100748.15
1.0581,0.0952,-0.4575,-26.768,22.378,25.244,1.1567,100747.34
1.0122,-0.0483,-0.4653,-40.671,19.451,5.61,1.1151,100747.34
0.9912,0.0122,-0.248,22.317,24.085,9.451,1.0218,100747.99
0.7832,0.2119,-0.2637,55.61,-7.439,11.463,0.8531,100748.46
0.5874,-0.0264,-0.3208,31.463,3.354,21.829,0.6698,100748.45
0.4868,-0.2314,-0.3354,-20.061,-13.598,-3.476,0.6349,100748.57
0.6055,-0.1147,-0.3643,-27.561,-27.622,-20.915,0.7159,100750.13
0.9282,0.0332,-0.2554,-8.415,-10.366,-11.646,0.9633,100749.84
1.1885,0.1895,-0.4756,-36.22,-29.207,-21.646,1.294,100749.61
1.3696,0.1938,-0.5215,-39.939,-21.22,0.183,1.4783,100749.82
1.1333,0.25,-0.2246,-0.244,-11.951,29.939,1.1821,100748.86
0.874,0.2266,-0.1587,36.585,1.28,30.915,0.9167,100748.89
0.874,0.2266,-0.1587,36.585,1.28,30.915,0.9167,100749.52
1.23,0.0415,-0.4375,38.293,36.463,22.866,1.3061,100750.01
1.4546,0.0557,-0.5371,-1.646,15.122,-9.207,1.5516,100749.76
0.9097,0.125,-0.2407,-17.439,-32.256,-52.561,0.9492,100750.42
0.6714,0.0249,-0.3804,-8.11,7.317,11.037,0.7721,100750.75
0.6729,0.2407,-0.4365,-0.976,-1.22,19.207,0.8374,100750.45
0.6274,0.1772,-0.2749,0.0,8.72,21.22,0.7076,100751.09
0.5957,0.0703,-0.231,-10.305,13.476,14.512,0.6428,100751.2
0.6621,0.1323,-0.2637,-5.854,1.463,-5.854,0.7249,100751.64
0.8618,0.293,-0.5146,-6.463,-12.012,-15.0,1.0457,100751.98
1.0698,0.3188,-0.6499,30.915,-13.963,-5.366,1.2917,100751.1
1.1411,0.1426,-0.4688,55.366,-57.805,-38.049,1.2419,100752.32
1.21,-0.0405,-0.3491,-3.72,-40.976,-53.232,1.26,100752.73
1.272,0.0571,-0.2534,21.341,3.72,-52.195,1.2982,100752.55
1.3643,0.1885,-0.4048,39.146,16.951,-40.183,1.4355,100751.41
1.186,0.2451,-0.5898,39.817,40.854,-19.451,1.3471,100751.05
0.8438,0.208,-0.25,56.707,34.207,-17.561,0.9043,100751.17
0.6636,0.2314,-0.2231,83.841,38.476,-7.134,0.7374,100750.98
0.7852,0.1377,-0.2808,119.207,59.146,6.28,0.8451,100751.12
0.8618,-0.0498,-0.3115,130.183,26.463,-17.195,0.9177,100750.47
0.9014,-0.0044,-0.3359,110.0,10.0,-37.317,0.9619,100750.97
0.9497,0.0298,-0.1953,97.683,21.22,-38.963,0.97,100749.76
1.0918,0.042,-0.2817,85.488,15.366,-46.463,1.1283,100750.46
0.9653,0.064,-0.4194,91.829,5.854,-36.463,1.0545,100751.87
0.8418,0.1245,-0.3096,116.341,6.28,-13.293,0.9055,100751.55
1.1562,0.374,-0.2764,127.073,7.134,-9.878,1.2463,100751.83
1.1587,0.2896,-0.106,137.561,12.805,-20.427,1.199,100751.52
1.0542,0.1274,-0.0371,141.037,5.854,-52.256,1.0625,100751.55
0.9556,0.1211,-0.1987,137.561,-11.951,-61.402,0.9835,100751.71
0.9116,0.0771,-0.1924,150.915,25.244,-39.207,0.9349,100752.7
0.8608,0.124,-0.2188,152.683,23.963,-46.707,0.8968,100752.56
0.7979,0.1733,-0.1509,144.085,13.293,-60.183,0.8303,100752.47
0.9702,0.1748,-0.1797,120.854,28.537,-55.427,1.0021,100752.64
1.0615,0.1162,-0.2178,125.549,31.28,-48.11,1.0898,100753.27
1.083,0.1577,-0.1968,131.341,25.793,-49.878,1.112,100752.88
1.1074,0.1689,-0.2588,142.073,28.598,-47.012,1.1497,100753.68
0.9775,0.0483,-0.2769,143.11,17.317,-38.415,1.0171,100753.05
0.8306,0.0146,-0.2251,117.927,7.317,-31.951,0.8607,100753.56
0.8521,0.0742,-0.2344,96.22,2.927,-36.89,0.8868,100752.59
1.0107,0.1699,-0.23,79.268,-2.256,-33.476,1.0504,100752.88
1.0361,0.2876,-0.3589,60.61,5.244,-22.866,1.1336,100753.47
1.041,0.2529,-0.3208,65.244,-9.024,-27.927,1.1183,100752.16
0.9219,0.1289,-0.3296,64.024,-15.549,-23.598,0.9875,100752.17
0.9678,0.0669,-0.311,47.744,-6.22,-15.976,1.0187,100752.44
1.0415,0.0947,-0.189,27.195,-14.634,-35.915,1.0627,100753.14
0.9272,0.1016,-0.1182,23.476,-25.244,-50.549,0.9402,100752.05
0.9014,-0.0479,-0.1245,47.805,-7.561,-42.073,0.9112,100752.09
1.0312,-0.0239,-0.1211,85.732,8.963,-32.195,1.0386,100751.77
1.1528,0.1875,-0.2627,82.927,13.049,-20.305,1.1972,100752.26
1.0493,0.1768,-0.3491,93.72,9.451,-8.293,1.1199,100752.03
0.8281,-0.0728,-0.1602,114.207,16.037,2.134,0.8466,100752.23
0.9243,-0.0923,-0.1855,114.451,11.829,-10.488,0.9473,100750.49
1.0469,-0.0024,-0.2661,100.0,-0.671,-20.976,1.0802,100750.45
0.9932,-0.0112,-0.3394,71.585,-2.805,-20.61,1.0496,100751.65
0.8765,-0.0381,-0.3223,64.634,1.951,-12.683,0.9346,100751.34
0.8955,-0.0771,-0.2456,47.927,17.378,-10.488,0.9318,100751.94
0.9458,0.0,-0.335,37.073,8.963,-20.854,1.0034,100751.66
0.8296,0.0283,-0.3188,45.0,12.134,-10.488,0.8892,100752.08
0.877,0.0498,-0.395,39.695,20.61,-1.098,0.9631,100752.13
0.9204,0.0659,-0.459,36.402,7.683,-8.659,1.0306,100751.18
1.0254,0.0645,-0.3984,37.5,11.22,-16.707,1.102,100750.35
1.3105,0.0366,-0.4785,38.659,15.976,-19.329,1.3957,100750.71
1.438,-0.0239,-0.2422,46.585,36.098,-1.707,1.4584,100749.99
1.1143,-0.0776,-0.0122,9.146,23.11,-5.305,1.117,100750.55
0.8242,-0.0112,-0.0942,9.695,-3.902,-13.354,0.8297,100749.88
0.7451,-0.1592,0.043,36.159,11.159,2.5,0.7631,100750.0
0.8784,-0.04,0.0024,19.756,1.28,-8.476,0.8793,100750.32
1.0444,0.1938,-0.1719,-13.232,6.463,-17.439,1.0761,100750.34
1.2114,0.1738,-0.207,-21.829,17.134,-26.646,1.2412,100750.45
1.0215,0.0703,-0.2661,-16.585,-0.549,-30.976,1.0579,100750.05
0.8096,-0.0195,-0.1553,3.78,5.793,-13.537,0.8246,100749.03
0.7183,0.0542,-0.0728,20.976,-7.073,-9.756,0.724,100749.62
0.6606,0.0425,-0.2119,-0.732,-15.488,-7.5,0.6951,100749.45
0.811,0.1333,-0.1807,-22.5,2.5,-2.683,0.8415,100748.57
0.9697,0.2329,-0.1978,-23.598,0.671,-8.049,1.0167,100749.16
1.0596,0.1543,-0.2402,-7.317,12.683,-3.293,1.0974,100748.86
1.1084,0.1211,-0.2808,6.89,13.598,0.427,1.1498,100748.62
1.145,0.0957,-0.2671,-3.293,6.098,-6.402,1.1796,100748.94
1.1011,0.125,-0.3052,-12.5,-3.476,-12.561,1.1494,100748.31
1.1562,0.1904,-0.2471,-17.927,-4.756,7.744,1.1976,100748.73
1.3403,0.062,-0.1558,-51.341,10.061,19.268,1.3508,100748.52
1.1582,0.0171,-0.0996,-35.427,-10.671,-2.744,1.1626,100748.01
0.9448,-0.0518,0.0176,0.732,-5.427,2.561,0.9464,100747.38
0.8823,-0.0122,-0.0757,-3.72,-5.061,17.744,0.8856,100746.79
0.7866,0.0723,-0.2246,-3.537,-7.378,25.671,0.8212,100747.71
0.771,0.0698,-0.1523,2.073,-4.939,20.915,0.789,100747.55
0.7759,0.0649,-0.1938,-10.305,-7.927,13.049,0.8024,100747.18
0.834,-0.0137,-0.2173,-8.841,-5.732,7.683,0.8619,100747.02
0.937,-0.0332,-0.2432,4.756,-7.378,3.11,0.9686,100746.55
0.8267,-0.0386,-0.2202,15.305,-21.768,5.244,0.8564,100746.55
0.8604,-0.0796,-0.1987,22.988,-10.183,16.768,0.8866,100746.45
0.9814,-0.0269,-0.3525,26.037,7.439,26.28,1.0432,100746.6
0.9351,-0.0874,-0.2549,31.707,21.463,29.024,0.9731,100745.51
0.978,-0.1147,-0.2759,7.561,7.683,0.305,1.0227,100745.39
1.0835,-0.0205,-0.3701,-15.732,4.268,-15.366,1.1452,100745.94
1.168,0.0679,-0.3813,-25.915,11.28,-11.707,1.2305,100745.73
1.2393,0.0117,-0.3774,-20.976,6.951,-5.366,1.2955,100745.32
1.3047,-0.1274,-0.1709,1.463,10.061,-10.671,1.322,100745.27
1.0342,-0.0073,-0.0464,10.732,-14.146,-27.744,1.0352,100744.75
0.8979,0.0122,0.0659,26.524,-3.72,-10.854,0.9004,100744.73
1.0034,-0.0264,-0.0107,10.793,12.988,-1.463,1.0038,100744.96
1.0762,0.0703,-0.147,-9.695,10.0,-11.829,1.0884,100745.12
1.0137,0.0693,-0.1748,-6.463,-0.61,-13.11,1.031,100745.12
0.8003,0.042,-0.1382,-6.22,-9.817,-1.585,0.8132,100745.01
0.6357,0.0332,-0.0601,-4.756,5.122,6.402,0.6394,100744.43
0.6714,0.0234,-0.0337,6.341,12.805,-4.024,0.6726,100745.35
0.7739,0.0459,-0.1323,1.341,11.829,-21.159,0.7865,100744.58
0.9805,0.1133,-0.229,-14.756,5.732,-29.878,1.0132,100743.73
1.0713,0.1133,-0.2661,-20.061,3.841,-16.768,1.1096,100743.98
1.1074,0.1157,-0.3511,-33.232,0.854,-5.671,1.1675,100744.51
1.1396,0.1475,-0.3628,-18.11,-3.78,-4.451,1.2051,100744.8
1.2183,0.2183,-0.2573,-10.915,-6.341,-3.72,1.2641,100744.9
1.1616,0.2603,-0.2305,-12.073,-0.854,6.89,1.2125,100744.71
1.0977,0.0146,-0.0122,-9.756,-1.585,5.915,1.0978,100743.73
0.9497,-0.0591,-0.1235,-13.659,-33.11,-14.329,0.9595,100743.22
0.771,-0.0845,-0.1172,5.549,-19.756,11.098,0.7844,100741.87
0.8169,-0.085,-0.0361,-0.122,-6.707,21.159,0.8221,100741.73
0.9258,0.0781,-0.2817,-24.756,-0.793,11.159,0.9709,100741.99
0.9258,0.104,-0.2539,-14.695,-8.415,4.268,0.9656,100741.68
0.9321,0.1309,-0.2236,-6.341,-14.634,-2.927,0.9675,100741.59
0.9185,0.0474,-0.2676,14.268,2.317,8.171,0.9578,100741.9
0.835,-0.0386,-0.2275,36.951,7.012,22.744,0.8663,100742.49
0.7729,-0.0278,-0.2852,37.439,6.28,27.317,0.8243,100742.56
0.7661,-0.082,-0.2285,30.183,22.927,31.585,0.8037,100742.52
0.9263,-0.0742,-0.2842,8.232,21.037,24.512,0.9717,100742.73
0.9473,-0.0942,-0.3018,10.305,8.902,19.634,0.9986,100742.89
1.0791,-0.1294,-0.2427,20.366,21.159,23.171,1.1136,100743.16
1.1084,-0.0986,-0.3843,-1.829,6.768,6.28,1.1773,100742.98
1.1323,-0.0337,-0.3687,-20.305,5.915,-10.122,1.1913,100742.7
1.376,-0.0283,-0.3877,-27.622,20.732,-7.744,1.4298,100742.26
1.4937,-0.0464,-0.1655,0.122,36.829,18.598,1.5035,100742.66
1.0664,-0.1074,0.0942,25.854,12.073,8.354,1.0759,100741.36
0.6895,-0.1343,0.0576,32.927,-18.78,-5.122,0.7048,100741.39
0.7358,-0.1436,0.1074,32.5,-4.39,-5.488,0.7574,100740.66
0.9688,-0.0122,0.0366,13.78,-4.146,-32.317,0.9695,100741.61
1.0225,0.0698,-0.104,-30.488,-11.341,-50.061,1.0301,100742.45
1.0107,0.0703,-0.1553,-36.89,-7.805,-42.927,1.025,100742.2
0.9116,0.0117,-0.1826,-15.366,5.305,-17.866,0.9298,100741.39
0.8662,-0.0532,-0.0283,6.098,17.439,-5.61,0.8683,100740.92
0.875,-0.0093,-0.1426,-16.22,6.28,-20.427,0.8866,100741.3
0.8911,0.0479,-0.1411,-17.012,-4.39,-29.512,0.9035,100741.09
0.8975,0.0801,-0.1846,-16.037,4.634,-8.841,0.9197,100740.71
1.0244,0.0806,-0.2197,-26.463,10.0,11.646,1.0508,100739.66
1.2158,0.1704,-0.2744,-21.707,-12.439,-4.146,1.258,100740.38
1.3149,0.2437,-0.229,-26.585,-3.841,5.671,1.3568,100740.29
1.1875,-0.0103,-0.0098,-24.146,11.951,16.829,1.1876,100740.34
1.0132,-0.063,-0.0581,-18.72,-17.378,-6.524,1.0168,100740.52
0.9004,0.002,-0.1265,1.402,-26.159,8.598,0.9092,100741.02
0.8301,-0.0923,-0.0327,12.988,-7.439,26.098,0.8358,100740.76
0.9346,-0.0107,-0.064,-6.585,-4.329,6.28,0.9368,100740.7
0.7998,0.0649,-0.2983,-21.768,-29.329,-5.976,0.8561,100739.8
0.7217,-0.0317,-0.167,-3.171,-13.72,12.805,0.7414,100739.72
0.854,-0.0513,-0.1182,1.159,5.061,26.646,0.8637,100738.82
0.9116,-0.064,-0.1514,12.988,7.744,26.341,0.9263,100738.88
1.0791,-0.0073,-0.1826,15.305,16.646,16.768,1.0945,100739.16
1.061,0.0269,-0.3564,6.28,8.963,3.476,1.1196,100738.77
0.9658,-0.0273,-0.3267,18.476,15.366,17.012,1.0199,100739.71
0.9736,-0.0991,-0.2812,28.354,23.963,22.805,1.0183,100739.05
1.271,-0.0806,-0.271,14.512,17.134,4.756,1.3021,100739.21
1.4224,-0.1318,-0.188,-11.098,9.39,-9.207,1.4408,100738.81
1.2554,-0.0845,0.0352,14.573,-4.695,-21.646,1.2587,100738.4
0.854,0.0981,0.1567,44.817,-20.305,-29.207,0.8738,100738.58
0.6855,-0.0117,0.001,70.549,-15.183,-14.817,0.6856,100737.61
0.9502,-0.0103,-0.1025,44.39,2.805,-14.39,0.9558,100737.98
0.9683,0.0586,-0.2285,-10.244,5.549,-9.329,0.9966,100737.92
0.77,-0.0518,-0.042,0.427,-14.939,-14.329,0.7729,100737.85
0.7554,-0.0161,0.0303,-22.866,-18.171,-33.354,0.7561,100737.05
0.8799,0.0698,-0.0933,-27.988,-5.854,-30.915,0.8876,100737.57
0.916,0.0176,-0.1855,-2.988,8.415,-2.927,0.9348,100738.21
0.918,-0.0151,-0.1758,-1.768,13.78,4.817,0.9348,100738.08
1.0005,0.0991,-0.2271,-33.72,6.037,-6.951,1.0307,100737.23
1.0591,0.1094,-0.2578,-30.549,5.793,-1.28,1.0955,100737.71
1.2236,0.106,-0.2646,-14.085,5.61,1.524,1.2564,100737.22
1.3545,0.2065,-0.2549,-6.341,10.549,4.085,1.3937,100737.34
1.2642,0.1099,-0.0469,-16.951,19.207,5.061,1.2698,100737.05
0.9595,-0.0811,0.1401,-8.293,-1.646,-21.646,0.973,100737.34
0.8013,-0.0449,-0.0239,-10.976,-19.39,-27.439,0.8029,100736.95
0.8857,-0.0283,-0.1816,-14.512,-18.11,-7.805,0.9046,100736.77
0.8896,0.083,-0.1431,-5.549,-7.866,12.317,0.9049,100735.75
0.9551,0.1309,-0.1719,-11.098,-18.963,11.22,0.9792,100735.88
0.895,0.043,-0.2368,-6.585,-28.841,13.72,0.9268,100736.32
0.8374,-0.0557,-0.1333,9.573,-13.415,23.415,0.8498,100735.92
0.7676,-0.0337,-0.0898,17.561,-1.22,28.537,0.7736,100736.5
0.7979,0.0068,-0.208,13.293,10.732,30.427,0.8245,100736.3
0.915,-0.0034,-0.3008,29.39,27.256,37.5,0.9632,100735.93
0.9404,-0.0884,-0.1514,43.598,39.512,43.659,0.9566,100735.15
1.064,-0.1348,-0.0938,16.829,41.707,22.5,1.0766,100736.18
1.1685,-0.0601,-0.1431,-3.902,10.244,-16.707,1.1787,100736.31
1.2646,-0.0327,-0.3569,-7.805,3.659,-18.841,1.3145,100736.3
1.4683,-0.1372,-0.3218,17.134,24.573,1.768,1.5094,100735.56
1.3926,-0.0977,0.0093,42.683,31.098,9.756,1.396,100735.88
0.9556,-0.0981,0.2183,-0.854,10.061,-8.659,0.9851,100735.87
0.7217,0.0083,0.0718,-36.646,-23.11,-31.89,0.7253,100735.25
0.8179,0.0127,0.0239,-5.854,-9.573,-23.902,0.8183,100735.63
0.9639,0.0,0.0376,21.098,19.268,-7.805,0.9646,100735.92
0.9985,0.105,-0.1113,3.963,-2.805,-21.585,1.0102,100735.78
0.7949,0.0972,-0.1758,6.951,-31.646,-22.134,0.8199,100736.04
0.6562,0.0,-0.0645,12.683,-15.793,-6.951,0.6594,100735.84
0.6519,0.002,0.021,-9.695,-20.488,-15.549,0.6522,100735.23
0.7368,0.0942,-0.0322,-25.976,-16.463,-29.146,0.7435,100734.63
1.019,0.0991,-0.0845,-12.5,9.085,-28.963,1.0273,100733.93
1.1968,0.062,-0.2158,-26.402,-0.976,-22.622,1.2177,100733.66
1.251,0.1782,-0.3608,-42.683,-9.207,-17.683,1.3141,100734.2
1.3223,0.2656,-0.2544,-15.671,6.524,4.878,1.3725,100734.24
1.2495,0.2222,-0.2593,9.329,6.22,17.744,1.2953,100734.4
1.1973,0.0376,-0.1162,8.049,9.817,20.244,1.2035,100734.52
1.2437,-0.0532,0.0752,-20.244,2.622,0.305,1.2471,100733.13
0.918,0.0425,-0.0703,-33.11,-30.732,-13.11,0.9216,100733.2
0.7344,-0.021,0.0137,-1.829,0.671,23.354,0.7348,100732.64
0.8882,-0.0337,-0.0654,5.244,2.622,26.463,0.8912,100732.7
0.9668,0.0054,-0.2393,1.585,-14.939,6.951,0.996,100732.5
0.8369,0.0273,-0.1528,1.585,-20.305,4.024,0.8512,100732.86
0.77,0.0068,-0.0664,-3.415,-7.012,15.732,0.7729,100732.26
0.792,-0.0771,-0.0049,-0.305,19.756,31.28,0.7958,100732.16
0.8579,-0.0537,-0.189,0.488,1.524,26.951,0.8801,100732.97
0.9429,-0.0645,-0.3018,26.646,2.988,33.476,0.9921,100733.95
0.9497,-0.124,-0.0947,49.939,37.073,53.11,0.9624,100733.2
0.9312,-0.1094,-0.1304,21.22,13.232,34.451,0.9466,100733.38
1.022,-0.1377,-0.1846,7.744,15.183,20.366,1.0476,100732.9
1.1338,-0.1572,-0.249,4.329,22.5,10.305,1.1714,100733.42
1.2983,-0.1045,-0.4023,-7.5,-10.976,-18.049,1.3633,100734.68
1.187,-0.1177,-0.2485,0.61,-6.524,-17.988,1.2184,100734.26
1.2329,-0.1255,0.0806,20.183,2.683,-19.634,1.2419,100733.69
1.0713,-0.0352,0.1377,15.244,-4.756,-23.11,1.0807,100732.66
0.8608,-0.0928,0.0903,17.5,-4.085,-19.085,0.8705,100732.38
0.9556,-0.0601,0.0532,15.244,-15.793,-31.159,0.9589,100732.91
1.1201,0.0693,-0.147,0.305,-7.683,-35.671,1.1318,100732.58
0.999,0.0278,-0.083,5.244,-7.744,-24.634,1.0029,100732.32
0.7852,0.0361,-0.0283,-1.646,-26.463,-22.927,0.7865,100731.9
0.7749,0.0415,-0.0474,-3.11,-5.0,-17.195,0.7775,100733.41
0.77,-0.0049,-0.1411,8.78,-2.561,-14.756,0.7829,100732.46
0.7988,0.0059,-0.0776,2.439,-21.28,-21.646,0.8026,100731.48
0.8672,0.063,-0.1987,-17.317,-9.085,-22.866,0.8919,100732.38
1.0171,0.1978,-0.2964,-21.22,-7.256,-18.598,1.0777,100731.19
1.0303,0.1904,-0.2793,-3.049,3.963,-0.549,1.0843,100731.16
1.0317,0.2393,-0.3081,18.963,8.293,8.537,1.103,100730.63
1.0107,0.1558,-0.2412,43.537,-4.573,7.622,1.0507,100730.49
1.3003,0.0479,-0.0747,52.317,19.329,16.646,1.3033,100730.27
1.3501,-0.0049,-0.042,19.329,-2.988,-18.171,1.3508,100729.75
0.9604,0.0957,0.0083,28.963,-34.756,-23.476,0.9652,100729.98
0.897,0.0654,0.0415,67.012,-13.11,1.646,0.9003,100730.14
0.9395,-0.0015,-0.0107,87.256,7.134,3.049,0.9395,100730.64
0.9233,-0.0229,-0.0811,86.646,-1.463,-9.756,0.9272,100731.02
0.9214,0.001,-0.127,79.451,-22.805,-25.854,0.9301,100731.55
0.897,0.0083,-0.1152,80.244,-28.963,-30.305,0.9044,100730.7
0.8887,0.0786,-0.1851,85.122,-19.634,-23.049,0.9111,100730.95
0.8555,0.1221,-0.1357,101.098,-4.451,-23.963,0.8747,100731.25
0.8613,0.1191,-0.1831,112.439,-3.415,-33.902,0.8886,100730.87
0.9307,0.0967,-0.2017,131.28,3.963,-39.329,0.9572,100730.31
0.9189,0.0664,-0.2134,153.415,10.122,-46.89,0.9457,100730.04
0.9595,0.0337,-0.2046,176.89,25.793,-38.232,0.9816,100730.32
0.9902,-0.0308,-0.0825,174.512,11.89,-46.037,0.9941,100729.69
0.8643,-0.0405,-0.1201,150.183,-13.476,-65.183,0.8735,100730.45
0.8896,-0.084,-0.2236,154.451,4.695,-53.049,0.9212,100730.15
0.8989,-0.0532,-0.1362,163.11,15.366,-34.817,0.9107,100730.8
1.0088,0.1431,-0.1118,114.756,21.28,-41.159,1.025,100731.16
1.0962,0.2124,-0.2256,79.39,19.817,-47.927,1.1391,100731.04
1.0542,0.2275,-0.1748,95.793,18.963,-31.098,1.0926,100730.6
1.0107,0.2119,-0.1787,121.646,26.89,-17.317,1.0481,100730.01
0.9033,0.1455,-0.1929,142.805,29.329,-19.634,0.9351,100730.19
0.8789,0.0996,-0.1538,155.732,25.732,-31.463,0.8978,100729.09
0.999,0.0352,-0.165,140.61,19.024,-44.634,1.0132,100729.25
1.1138,0.0664,-0.1953,113.72,15.915,-47.5,1.1327,100729.76
1.0469,0.1377,-0.2134,101.829,-0.183,-44.878,1.0772,100730.12
0.8965,0.1377,-0.1719,100.305,-1.768,-32.5,0.9231,100729.41
0.8979,0.1045,-0.1948,90.122,-0.671,-25.732,0.9248,100729.99
0.9653,0.124,-0.2368,76.037,-4.207,-27.622,1.0017,100730.04
1.0171,0.1099,-0.2837,61.646,1.402,-23.354,1.0616,100729.73
1.0356,0.1167,-0.3838,55.366,-14.512,-27.073,1.1106,100729.37
0.9712,0.1104,-0.3853,64.024,-14.451,-13.537,1.0506,100729.95
0.9907,0.0913,-0.2334,35.976,-6.585,5.305,1.0219,100730.4
1.1299,0.1328,-0.1694,-19.329,-8.415,-3.354,1.1502,100730.98
0.9888,0.0703,-0.1445,-8.293,-29.634,-23.415,1.0017,100730.3
0.7368,-0.0737,-0.187,29.695,-41.22,-14.695,0.7637,100730.3
0.8442,-0.0815,-0.1929,56.951,-13.841,17.439,0.8698,100730.67
1.1387,0.0273,-0.2222,48.902,29.695,27.805,1.1605,100730.34
1.1704,0.1523,-0.2822,16.22,8.171,-9.695,1.2136,100729.57
0.8223,0.1592,-0.3535,20.488,-25.061,-19.268,0.9091,100729.25
0.8472,-0.0083,-0.2661,30.671,9.939,-17.683,0.888,100730.14
0.7397,-0.001,-0.3267,44.085,-6.829,-20.732,0.8087,100730.42
0.8066,-0.0718,-0.2178,58.049,9.146,-10.549,0.8386,100730.91
0.7637,-0.0527,-0.1987,41.098,6.402,-9.878,0.7909,100732.02
0.6558,0.0815,-0.3228,23.902,-4.024,-12.805,0.7354,100732.33
0.6602,0.0254,-0.2563,29.756,10.366,-1.829,0.7086,100731.71
0.772,-0.0288,-0.3633,24.451,-5.488,-13.293,0.8537,100731.98
1.0605,0.0288,-0.5078,20.183,-22.561,-27.805,1.1762,100730.95
1.2666,-0.0381,-0.1973,19.695,-22.012,-14.634,1.2824,100730.53
1.2598,0.0366,-0.1001,9.634,-35.549,-13.354,1.2643,100729.98
1.373,0.2324,-0.3115,-5.244,-16.098,-21.159,1.427,100729.69
1.2812,0.1812,-0.376,-6.829,10.427,-11.585,1.3475,100730.45
1.0508,0.1274,-0.501,5.122,-7.439,-10.122,1.1711,100730.16
0.8623,0.0552,-0.2344,32.5,12.988,10.366,0.8953,100730.19
0.79,0.1255,-0.1387,16.037,16.524,-4.512,0.8119,100730.08
0.7285,0.0991,-0.3042,-5.305,7.012,-28.841,0.7957,100731.0
0.71,0.0488,-0.3301,14.268,9.39,-15.122,0.7845,100731.08
0.7314,0.0942,-0.2427,31.768,17.561,12.866,0.7764,100732.38
0.6899,0.1338,-0.1562,16.707,7.866,13.354,0.72,100731.73
0.6973,0.1831,-0.1987,-10.915,-12.927,-5.61,0.7478,100731.62
0.7925,0.1567,-0.458,-7.561,-14.146,-11.037,0.9286,100732.02
1.0605,0.0376,-0.4683,11.829,-13.415,-17.378,1.1599,100732.59
1.311,-0.0186,-0.3135,-1.524,-14.146,-27.317,1.3481,100732.62
1.2778,0.0688,-0.4478,3.963,-2.927,-36.098,1.3558,100733.56
1.2554,0.0327,-0.4463,6.89,17.134,4.573,1.3327,100733.11
1.02,0.0337,-0.312,-4.451,15.915,14.939,1.0672,100732.78
0.9897,0.1069,-0.2646,-19.085,12.744,2.622,1.0301,100732.16
0.853,0.1479,-0.3159,-3.72,0.61,5.427,0.9216,100732.56
0.7349,0.0625,-0.3169,23.354,12.195,24.878,0.8027,100732.12
0.791,-0.062,-0.251,14.878,17.012,15.061,0.8322,100732.41
0.8027,0.0327,-0.3115,-4.085,-8.72,-13.841,0.8617,100731.62
0.6582,0.0239,-0.2891,-3.78,-2.378,-6.402,0.7193,100732.3
0.5396,-0.0986,-0.2534,7.988,-3.232,6.28,0.6042,100732.68
0.6362,-0.0864,-0.2788,5.427,-6.707,7.866,0.7,100732.86
0.8174,0.0054,-0.3584,-12.744,-6.646,-3.415,0.8925,100733.35
1.0278,0.1016,-0.5039,-21.037,-10.244,-6.707,1.1492,100733.59
1.2598,0.0708,-0.3599,-18.963,-4.634,15.793,1.3121,100734.04
1.1587,0.126,-0.1978,-42.195,15.122,34.024,1.1822,100733.76
1.1182,0.1929,-0.1421,-32.927,29.939,32.927,1.1435,100734.51
1.3438,0.0977,-0.3379,-32.988,50.305,25.0,1.389,100733.85
1.6626,0.127,-0.2407,-13.049,79.878,19.512,1.6847,100734.86
1.1831,0.21,-0.1362,-5.732,7.012,-17.5,1.2093,100734.62
0.561,0.0415,-0.2402,1.159,-33.293,-20.976,0.6117,100734.67
0.4531,-0.0366,-0.1567,24.939,8.963,14.024,0.4809,100734.99
0.7363,0.104,-0.1895,21.28,29.146,29.085,0.7674,100735.08
0.9854,0.0342,-0.0508,5.427,24.207,8.354,0.9873,100735.27
0.8618,0.1191,-0.1914,-22.866,-16.646,-25.366,0.8908,100735.55
0.5664,0.188,-0.168,-27.805,-16.463,-5.366,0.62,100736.24
0.6621,0.1738,-0.2339,-8.902,3.659,23.11,0.7234,100736.65
0.8813,0.0591,-0.394,26.22,-13.354,15.549,0.9672,100735.96
1.0454,-0.0361,-0.1807,21.098,-31.402,-6.768,1.0615,100736.42
1.1196,-0.0264,-0.1069,-12.256,-18.902,-15.244,1.125,100736.78
1.3237,-0.1484,-0.188,3.598,12.256,-13.415,1.3452,100736.55
1.5571,-0.1431,-0.312,31.341,4.024,-34.573,1.5945,100736.62
1.4805,0.0444,-0.394,2.195,-2.073,-33.78,1.5327,100736.44
1.1045,0.1597,-0.2051,-38.78,8.293,-12.439,1.1347,100736.02
0.7798,0.2241,-0.3096,-34.573,12.622,30.366,0.8684,100736.37
0.7383,0.0889,-0.2075,34.207,42.073,68.232,0.772,100735.38
0.7031,-0.1587,-0.1021,39.207,26.463,38.354,0.728,100735.63
0.7593,-0.1294,-0.2456,13.171,-2.744,-6.768,0.8084,100736.05
0.7153,-0.0796,-0.1963,-0.366,-6.524,-13.659,0.746,100735.99
0.6182,-0.0522,-0.2427,-8.963,-19.634,-12.012,0.6661,100736.59
0.6655,-0.1123,-0.2256,-8.049,-25.366,-5.183,0.7116,100737.04
0.8071,0.064,-0.311,-13.598,-45.366,-11.28,0.8673,100737.73
1.2261,0.0283,-0.3896,12.744,-45.915,-19.695,1.2868,100737.77
1.5605,-0.061,-0.001,-16.646,0.549,5.61,1.5617,100738.16
1.3154,0.4521,-0.2378,-29.817,-15.671,22.744,1.4111,100738.84
1.2612,0.1963,-0.1211,24.634,30.854,31.037,1.2821,100739.24
1.4756,-0.1362,-0.3833,19.756,20.671,-8.78,1.5306,100739.02
0.9902,-0.187,-0.2437,35.549,-12.378,-37.5,1.0368,100738.25
0.625,0.0352,-0.1338,-5.366,-22.988,-37.378,0.6401,100737.05
0.6714,0.2451,-0.3115,-25.0,19.573,4.634,0.7797,100737.14
0.7925,0.2031,-0.2207,27.195,43.841,36.159,0.8473,100737.2
0.7822,0.0854,-0.0889,20.305,25.61,16.341,0.7919,100737.88
0.7686,0.0312,-0.2271,12.988,19.634,-7.256,0.802,100738.12
0.7788,-0.0532,-0.1646,33.476,5.61,-8.415,0.7978,100738.55
0.7539,-0.0024,-0.2607,12.317,-23.049,-5.671,0.7977,100738.26
0.7656,0.1582,-0.3979,-3.293,-40.915,-7.073,0.8773,100738.8
0.9546,0.1538,-0.3965,3.476,-31.646,4.817,1.045,100738.82
1.2642,-0.0693,-0.083,20.061,2.012,-3.841,1.2688,100739.33
1.4111,-0.2524,0.0391,9.512,17.5,-64.512,1.4341,100738.85
1.4541,-0.2129,-0.2734,13.72,16.098,-32.256,1.4948,100739.01
1.2422,0.0024,-0.2607,29.878,-5.488,-3.598,1.2693,100739.21
0.9688,0.1484,-0.4927,-64.878,3.232,27.683,1.0969,100739.5
1.0796,0.0,-0.2944,-37.805,54.573,37.866,1.119,100739.59
0.8604,0.002,-0.1587,-10.793,27.012,33.78,0.8749,100739.79
0.603,0.0693,-0.1445,23.171,-0.976,16.585,0.624,100739.44
0.4761,-0.0596,-0.124,35.671,10.976,17.256,0.4956,100739.79
0.7334,-0.1719,-0.3047,12.683,-4.573,-11.037,0.8126,100739.8
0.7915,-0.1992,-0.4233,-3.78,-31.829,-25.427,0.9194,100739.95
0.855,-0.1602,-0.2363,-11.951,-32.988,-10.915,0.9014,100739.57
0.9736,-0.0308,-0.2363,-41.951,-25.915,-0.488,1.0024,100739.77
1.3345,0.1206,-0.4453,-57.439,-24.085,-2.561,1.412,100739.93
1.3154,0.0098,-0.21,-29.878,-8.902,19.878,1.3321,100739.8
1.0176,0.2051,-0.0508,-10.793,-24.329,13.171,1.0393,100739.96
1.0581,0.0894,-0.0679,1.646,15.427,3.78,1.064,100740.32
1.3081,0.001,-0.2607,7.256,32.561,-0.305,1.3338,100740.48
0.9229,0.0122,-0.0986,3.476,1.585,-23.232,0.9282,100742.12
0.8037,0.1021,-0.1895,-8.78,13.049,-5.122,0.832,100741.46
0.7461,0.0962,-0.2397,4.39,26.341,14.451,0.7895,100741.82
0.7026,0.0791,-0.2104,21.951,14.939,6.829,0.7377,100741.73
0.603,0.0381,-0.1768,-1.037,7.134,1.28,0.6296,100742.02
0.5693,0.019,-0.1406,-13.293,-5.854,-1.463,0.5868,100741.87
0.8003,0.0996,-0.1689,-5.549,-5.488,7.622,0.824,100741.65
1.0381,0.0859,-0.3428,-6.829,-6.707,3.537,1.0966,100742.46
1.1592,0.0723,-0.4248,6.28,-50.671,-32.744,1.2367,100742.34
1.2373,-0.04,-0.2158,-38.841,-27.744,-28.476,1.2566,100742.97
1.1714,-0.165,-0.0776,-34.878,0.0,-18.963,1.1855,100742.94
1.2827,0.0371,-0.2803,-1.829,-2.5,-19.329,1.3135,100743.29
1.4087,0.1621,-0.4146,1.951,11.951,-0.183,1.4773,100742.45
1.0356,0.1025,-0.2656,-30.122,2.683,-7.439,1.0741,100742.58
0.834,0.1128,-0.2759,-35.244,15.0,0.0,0.8856,100742.05
0.8047,0.1099,-0.168,24.207,24.817,7.866,0.8293,100742.52
0.6914,0.0913,-0.2012,59.817,-3.171,2.805,0.7258,100743.26
0.646,-0.0889,-0.1763,54.451,-2.317,3.232,0.6755,100743.81
0.665,-0.0903,-0.3218,24.207,-13.902,-10.61,0.7443,100744.08
0.7563,-0.0933,-0.4185,10.488,-10.854,-6.159,0.8694,100744.05
0.8901,-0.1069,-0.2285,8.537,-3.72,2.683,0.9252,100744.51
0.9634,0.0342,-0.3887,-29.756,-29.268,-3.72,1.0394,100744.5
1.105,0.1157,-0.4893,-48.354,-27.866,2.866,1.214,100744.48
1.1465,0.1128,-0.1494,-27.561,2.561,32.927,1.1617,100743.59
1.1118,0.1919,-0.104,-17.927,4.024,36.829,1.133,100743.3
1.2246,0.1187,-0.2002,-2.561,2.988,3.963,1.2465,100742.71
1.5361,0.187,-0.3467,0.244,40.366,-2.256,1.5858,100743.4
1.4839,0.1543,-0.2373,-1.524,50.122,0.671,1.5106,100744.55
0.8379,0.0293,-0.0854,9.207,-11.768,-24.634,0.8427,100744.05
0.3755,-0.1245,-0.1006,1.524,-23.659,-25.0,0.4082,100744.01
0.6016,0.0649,-0.2139,-4.756,18.537,3.476,0.6417,100744.38
0.8174,0.1895,-0.2695,13.963,25.366,26.585,0.8813,100744.52
0.8721,0.0479,-0.2334,24.207,17.927,17.012,0.904,100744.25
0.8154,0.0869,-0.1763,-4.756,-7.5,-7.805,0.8388,100744.66
0.7397,0.1987,-0.2329,-31.463,-20.549,-8.232,0.8006,100744.99
0.875,0.2056,-0.3501,-0.549,-6.098,11.402,0.9646,100745.36
0.9966,0.1074,-0.3149,20.732,-10.854,7.256,1.0507,100745.38
0.9434,-0.0488,-0.1802,-6.707,-33.598,-17.012,0.9617,100745.54
1.0522,-0.2329,-0.0249,-15.305,2.073,-27.927,1.078,100746.01
1.2876,-0.1792,-0.1621,-10.915,1.463,-54.329,1.3101,100745.5
1.4463,0.2466,-0.4897,-12.561,-6.524,-44.024,1.5467,100745.74
1.0435,0.2373,-0.4146,-17.5,7.927,4.939,1.1476,100745.55
1.0562,0.0571,-0.2456,4.817,34.512,22.683,1.0858,100745.77
1.1987,0.0571,-0.311,-26.22,35.793,23.72,1.2397,100745.45
0.7974,0.1753,-0.2515,-2.988,-15.488,22.988,0.8543,100745.59
0.5371,0.1016,-0.2285,31.585,-9.573,35.854,0.5925,100745.17
0.5078,-0.1147,-0.1924,26.89,-3.72,23.72,0.555,100745.75
0.6245,-0.123,-0.3774,-0.244,-30.671,-11.951,0.74,100746.19
0.8667,-0.0811,-0.3872,-0.671,-22.134,-16.037,0.9527,100746.39
0.9736,0.1006,-0.3481,-22.805,-48.659,-27.134,1.0389,100746.41
1.1782,0.2632,-0.5562,-57.195,-57.256,-24.085,1.3292,100746.19
1.3706,0.1235,-0.3496,-14.939,2.805,33.354,1.4199,100746.52
1.3042,0.3125,-0.1318,4.573,-7.622,36.951,1.3476,100746.75
1.1377,0.1851,-0.1909,11.829,-11.28,1.402,1.1684,100746.29
0.9771,-0.0415,-0.4561,42.317,5.915,0.915,1.079,100746.59
0.9585,-0.1743,-0.3525,58.415,24.146,5.427,1.036,100746.8
0.9634,0.0068,-0.1284,-9.085,-3.78,-26.585,0.9719,100746.6
0.7729,0.1289,-0.272,-73.293,-21.159,-37.073,0.8295,100746.71
0.6211,0.1431,-0.3506,-39.756,12.012,5.183,0.7274,100746.66
0.4907,0.1963,-0.2646,-3.171,17.439,23.171,0.5911,100746.63
0.4854,0.1318,-0.2178,-8.841,18.963,4.207,0.5481,100747.6
0.6421,0.1226,-0.2979,-22.744,14.085,-14.207,0.7183,100748.21
0.8921,0.3076,-0.3794,11.22,-6.585,-26.768,1.0171,100748.04
1.1763,0.4683,-0.4214,15.793,16.585,17.744,1.3343,100748.28
1.0566,0.3481,-0.6621,-8.232,-17.927,2.683,1.2946,100748.48
1.0801,0.3081,-0.749,38.476,-60.122,-53.659,1.35,100748.74
1.228,0.0913,-0.0854,64.268,-11.768,-52.805,1.2344,100747.83
1.3643,-0.0293,-0.0474,15.488,10.732,-62.317,1.3654,100747.38
1.5449,0.0796,-0.3428,12.439,64.817,-51.28,1.5845,100747.03
1.2056,0.4092,-0.2593,65.793,23.963,-51.402,1.2992,100748.01
0.8403,0.373,-0.2119,45.732,26.28,-0.366,0.9435,100748.38
0.6885,0.2119,-0.2363,55.732,58.963,48.171,0.7581,100748.92
0.6685,0.125,-0.1226,134.634,28.354,10.0,0.691,100749.68
0.8057,0.1147,-0.1431,147.866,31.098,-18.537,0.8263,100749.75
0.894,0.1294,-0.2412,155.61,8.415,-29.207,0.935,100750.43
0.771,-0.0151,-0.2266,135.915,2.256,-29.268,0.8037,100749.84
0.7798,-0.064,-0.1992,113.415,-3.963,-31.402,0.8074,100749.89
0.8638,0.1309,-0.1191,119.329,-16.341,-38.78,0.8817,100749.17
1.0566,0.3916,-0.1694,135.793,5.183,-11.463,1.1395,100749.63
1.5903,0.228,-0.2261,158.293,37.744,-9.695,1.6224,100749.0
1.5649,0.2612,-0.2344,170.671,10.671,-48.476,1.6038,100749.52
1.0483,0.3198,-0.0464,177.683,-13.78,-53.537,1.097,100749.52
0.7993,0.1675,0.0693,195.61,20.549,-35.793,0.8196,100749.55
