ax,ay,az,gx,gy,gz,avm,pressure
0.8848,0.417,-0.106,82.378,15.793,-13.537,0.9838,100766.73
0.9438,0.293,-0.1382,57.866,5.915,-19.207,0.9979,100766.9
0.9404,0.2534,-0.061,40.976,7.012,-19.634,0.9759,100766.12
0.8989,0.189,-0.1064,39.512,2.622,-3.659,0.9247,100766.08
0.9395,0.2188,-0.124,35.488,19.39,2.073,0.9725,100766.02
1.0142,0.2812,-0.1841,25.427,24.451,-0.244,1.0684,100766.73
0.812,0.3828,-0.2939,24.695,20.122,1.402,0.9446,100766.63
0.6294,0.2808,-0.3013,6.341,-8.171,-6.341,0.7521,100766.33
0.5928,0.2549,-0.2998,0.122,-3.11,-17.317,0.7115,100766.21
0.6431,0.2954,-0.2695,5.549,31.28,-14.329,0.7573,100767.11
0.7793,0.2485,-0.2915,11.524,21.829,10.793,0.8684,100767.42
0.8643,0.1606,-0.2676,11.037,22.317,27.988,0.9189,100767.67
0.8154,0.1904,-0.1528,37.683,36.159,5.183,0.8512,100768.59
0.9028,0.394,0.0439,62.256,23.841,-1.768,0.9861,100769.16
1.0967,0.5801,0.106,52.744,31.768,0.732,1.2452,100768.46
1.1904,0.5708,-0.1484,26.341,-3.902,-0.488,1.3285,100767.8
1.3379,0.498,-0.3359,-7.195,4.268,-2.988,1.4666,100767.7
1.0581,0.5205,-0.0708,0.915,30.061,-14.634,1.1813,100768.72
0.4419,0.0215,-0.2583,-7.622,-29.512,-7.317,0.5123,100769.23
0.9019,0.2021,-0.3315,31.22,4.512,-4.024,0.9819,100769.27
1.1685,0.6274,-0.1753,7.317,-3.11,13.354,1.3378,100769.15
0.5469,0.1758,-0.1104,-55.732,-83.049,9.756,0.5849,100768.93
0.2236,-0.1382,0.0615,-33.171,-75.061,-2.439,0.27,100769.03
0.5728,0.0015,-0.0273,13.293,-20.793,-18.354,0.5734,100769.23
1.4937,0.6128,-0.3535,-23.72,10.427,-20.61,1.6527,100769.84
0.6113,0.2573,-0.0942,-14.939,-19.573,-11.585,0.6699,100769.82
0.8013,0.2051,-0.4028,21.707,-0.915,6.402,0.92,100769.95
1.1431,0.3589,-0.5176,44.329,-31.463,9.939,1.3051,100770.29
0.9351,0.1367,-0.4922,0.549,-74.939,-3.11,1.0655,100769.92
0.6519,-0.0894,-0.1509,26.89,-69.817,-28.11,0.675,100769.51
0.5034,0.2144,0.0566,81.463,7.744,0.366,0.5501,100769.83
0.6533,0.5083,0.2031,66.585,79.085,-19.268,0.8523,100770.45
1.1006,0.6636,-0.0371,20.61,62.622,-7.866,1.2857,100770.92
1.0415,0.3916,-0.3589,0.244,15.244,54.329,1.1691,100770.3
1.4814,0.5884,-0.5522,-28.902,38.354,5.732,1.687,100769.69
1.2222,0.5439,-0.3491,-29.695,0.793,-42.561,1.3826,100770.58
0.5405,-0.0542,-0.5049,-14.268,-40.732,-1.646,0.7416,100772.26
0.7476,0.1562,-0.4287,55.244,-2.012,-3.537,0.8758,100771.51
0.5854,0.4253,-0.0381,35.854,-38.476,1.524,0.7246,100771.7
0.5093,-0.0234,0.1665,-69.085,-29.878,-1.402,0.5363,100771.86
0.3896,-0.2651,0.1616,-67.134,15.61,-0.427,0.4982,100772.09
0.3066,-0.0669,0.0474,-9.695,34.756,18.415,0.3174,100772.02
1.7891,0.834,-0.3115,-33.354,87.317,-30.122,1.9983,100772.2
2.0737,1.0264,-0.6021,-73.963,2.073,-12.805,2.3909,100771.97
0.8091,0.3037,-0.4185,-77.683,-48.902,14.085,0.9602,100772.29
0.6816,0.2397,-0.1895,28.841,12.927,10.976,0.747,100772.52
0.8809,0.3706,-0.272,91.951,-7.866,-3.902,0.9936,100772.45
0.3618,0.0962,-0.0503,42.134,-30.793,15.976,0.3777,100772.62
0.917,0.541,0.0645,62.073,53.11,-7.134,1.0666,100772.77
1.6797,1.0264,0.0156,73.598,43.659,-27.256,1.9685,100772.52
1.5034,0.4795,-0.4199,6.341,0.915,-11.159,1.6329,100773.08
1.2681,0.2529,-0.5483,-6.463,8.963,-31.89,1.4045,100773.26
0.6641,0.0181,-0.3657,45.915,6.646,-3.415,0.7583,100772.88
0.7432,0.269,-0.4131,45.061,-4.329,-5.732,0.8918,100772.73
0.7139,0.4614,-0.1084,0.366,-50.061,-15.976,0.8569,100773.11
0.3799,0.0991,-0.0703,-30.0,-57.073,12.134,0.3988,100772.9
0.4927,0.1406,0.103,27.5,0.976,36.585,0.5226,100773.49
0.6313,-0.0117,-0.1665,5.0,47.927,33.72,0.653,100774.3
1.436,0.0811,-0.3115,14.268,8.902,-16.402,1.4717,100774.91
1.4849,0.4839,-0.2231,25.732,42.439,-11.585,1.5776,100775.86
1.3784,0.6958,-0.4004,-28.11,5.976,-13.476,1.5951,100775.72
0.7627,0.0835,-0.3398,-60.183,-76.28,18.171,0.8391,100775.84
0.4707,0.063,-0.5854,-17.378,-22.256,43.171,0.7538,100775.92
0.9395,0.1797,-0.5298,-15.305,-20.366,-5.0,1.0934,100776.01
0.8892,-0.061,-0.249,-34.207,-46.28,-19.268,0.9254,100775.94
0.6577,0.1396,-0.0552,29.451,-2.073,-10.61,0.6746,100775.62
0.5044,0.5264,0.0562,60.244,49.085,6.829,0.7312,100775.03
1.0791,0.6807,-0.1475,21.89,40.549,-3.476,1.2843,100775.57
1.4082,0.5391,-0.4424,-23.11,36.341,-8.354,1.5714,100775.72
1.6504,0.5952,-0.5762,-58.902,24.573,-29.268,1.8466,100776.09
0.8369,0.1675,-0.5391,-42.866,-38.963,-21.768,1.0095,100776.38
0.7144,0.2007,-0.3066,24.634,-11.829,14.573,0.8029,100777.65
0.5562,0.2407,0.1489,-11.159,-26.463,22.5,0.624,100777.53
0.5625,0.1567,0.1235,-38.78,-14.756,31.829,0.5969,100777.31
0.3354,-0.0684,-0.0771,-34.329,4.512,54.695,0.3509,100777.53
1.23,0.2632,-0.3096,-15.915,63.902,25.915,1.2954,100777.69
1.8604,0.6587,-0.4751,-4.512,58.841,-8.171,2.0299,100776.95
1.6172,0.5161,-0.5718,-68.72,-25.976,-15.732,1.7913,100776.49
0.9688,0.0894,-0.5171,-64.634,-68.537,-11.524,1.1017,100777.55
0.6929,0.1802,-0.4146,44.024,-17.744,-8.171,0.8273,100777.82
0.562,0.1152,-0.1982,80.549,-20.488,4.878,0.607,100778.29
0.2729,0.0757,0.0737,59.756,-3.902,5.366,0.2927,100778.13
0.3794,0.311,-0.0576,55.854,14.756,-15.488,0.494,100778.4
1.2148,0.5674,-0.1631,48.232,56.463,-27.439,1.3507,100778.96
1.3315,0.356,-0.415,3.72,44.512,-16.22,1.4394,100779.25
1.3394,0.4282,-0.3584,-9.085,43.232,-27.439,1.4511,100779.84
0.7065,0.3057,-0.1631,-13.476,19.329,-15.122,0.7869,100779.66
0.7017,0.1035,-0.4976,-59.878,-28.293,4.756,0.8664,100779.53
1.001,0.0605,-0.3838,-23.963,-28.841,0.61,1.0737,100780.42
0.4971,0.1548,0.0024,10.183,-34.024,17.988,0.5206,100780.35
0.5049,0.0894,-0.1523,-0.732,-25.732,38.841,0.5349,100780.41
1.4829,0.4141,-0.2725,-18.598,41.524,16.098,1.5636,100780.34
2.0449,0.6982,-0.3604,21.646,44.329,-24.268,2.1907,100780.42
1.2852,0.4922,-0.4458,-2.012,-21.646,-12.195,1.4466,100780.59
0.4834,-0.0127,-0.3999,-57.866,-54.695,3.476,0.6275,100780.48
0.5835,0.0957,-0.4653,1.402,-24.146,-20.427,0.7524,100781.16
0.5176,0.1421,-0.2808,71.951,-7.561,-9.024,0.6057,100781.27
0.3584,0.1509,0.0825,105.854,-3.171,-6.524,0.3975,100781.27
0.3579,0.291,0.0776,114.573,7.378,-8.963,0.4678,100781.62
1.2593,0.6978,-0.2271,79.268,59.451,-32.256,1.4575,100782.37
1.666,0.7397,-0.4014,9.573,62.744,-40.427,1.8665,100782.55
1.3359,0.4253,-0.5117,-16.707,30.793,-15.793,1.4925,100781.7
0.6777,0.1553,-0.2886,27.439,25.976,-2.744,0.7528,100781.43
0.5288,0.0981,-0.4033,56.463,19.573,-7.805,0.6723,100781.84
1.1196,0.3066,-0.665,64.39,2.317,-15.488,1.3379,100783.14
0.6821,0.3857,-0.231,64.573,-22.317,8.841,0.817,100783.02
0.5181,0.1895,0.0884,69.268,-52.378,28.232,0.5587,100783.05
1.2217,0.2788,-0.0942,102.561,62.683,33.232,1.2566,100783.18
1.6445,0.8472,0.2183,171.463,123.78,-54.695,1.8627,100782.91
1.6167,0.8066,-0.105,74.451,66.585,-52.622,1.8098,100783.08
1.3989,0.1904,-0.3481,-29.695,9.756,-58.902,1.4541,100783.33
1.1328,0.2363,-0.3921,75.854,47.378,-33.963,1.2218,100784.02
0.6665,0.4072,-0.1436,178.11,53.11,-18.354,0.7941,100783.55
0.5283,0.5415,0.1016,174.634,46.402,-44.207,0.7633,100783.8
0.6011,0.4722,0.041,163.963,27.622,-59.085,0.7655,100784.13
0.7271,0.2793,0.144,185.488,62.988,-57.561,0.7921,100783.76
0.8208,0.3169,0.0605,213.841,127.256,-43.232,0.8819,100784.09
0.9424,0.5952,0.1621,258.841,96.098,-45.488,1.1263,100784.6
1.1006,0.3989,-0.0659,176.768,73.415,-23.598,1.1725,100784.37
1.6182,0.5356,-0.3335,106.585,97.317,-29.634,1.7368,100784.68
1.4521,0.6543,-0.0278,126.768,56.646,-31.829,1.593,100785.05
0.6831,0.3823,-0.0601,131.341,-8.293,-22.927,0.7851,100785.55
0.4795,0.0908,0.0522,117.744,-26.768,-25.244,0.4908,100785.81
0.4692,-0.1709,0.1953,111.402,-11.829,3.171,0.5362,100785.27
0.8809,0.0425,0.0107,112.195,53.171,17.317,0.8819,100784.5
1.4233,0.3965,-0.0376,98.171,68.598,-1.768,1.478,100784.3
1.4414,0.3838,-0.2202,47.744,42.988,-3.11,1.5078,100784.52
1.3174,0.2212,-0.437,10.793,19.695,17.622,1.4055,100784.78
1.3345,0.25,-0.5156,15.061,-0.793,10.854,1.4523,100784.64
1.4106,0.5264,-0.3774,41.159,26.829,-3.293,1.5522,100785.27
0.9883,0.7788,-0.147,57.439,31.098,-0.732,1.2668,100785.01
0.3379,0.6387,-0.0605,52.744,-27.561,-23.598,0.7251,100784.31
0.144,0.1128,0.1689,40.549,-66.463,-59.329,0.249,100783.78
0.8062,0.0693,-0.0151,94.451,19.39,-80.61,0.8093,100784.14
1.415,0.751,0.269,223.537,81.768,-78.78,1.6244,100784.39
0.9268,0.75,0.2524,221.707,51.037,-58.963,1.2186,100784.23
1.1528,0.1812,-0.1377,80.793,41.28,-44.085,1.1751,100783.59
1.3887,0.1509,-0.396,45.305,41.829,-33.78,1.4519,100784.35
1.4141,0.2827,-0.1763,64.085,49.268,-23.902,1.4528,100783.31
1.0684,0.2554,-0.0708,35.61,46.646,-22.012,1.1007,100783.03
0.6465,0.3086,0.2173,-11.402,12.378,-43.415,0.7486,100782.82
0.2412,0.062,-0.0234,-95.427,-44.329,-16.402,0.2502,100783.04
0.541,-0.2432,-0.3306,-87.012,-62.561,23.598,0.679,100782.82
1.2759,0.2275,-0.043,-12.195,-18.963,42.195,1.2967,100783.18
1.3472,0.5439,0.2236,-3.902,-8.72,31.037,1.4699,100782.55
1.0728,0.6479,0.0435,-19.146,-8.537,12.988,1.254,100782.83
0.9604,0.5811,-0.3779,-92.988,-2.805,49.329,1.1844,100782.92
1.0693,0.4927,-0.3975,-126.037,-16.098,43.476,1.2427,100782.73
0.9824,0.353,-0.3716,-82.317,-29.024,28.537,1.1081,100782.1
0.7114,0.5503,-0.0005,19.573,33.72,40.488,0.8994,100781.51
0.3467,0.4443,-0.2158,57.683,20.244,22.073,0.6035,100782.07
0.4268,0.1045,0.1562,71.951,-93.354,-89.146,0.4663,100782.11
1.0059,0.4097,0.1021,72.317,28.963,-98.293,1.0909,100782.14
1.2476,0.8223,0.1743,138.354,111.585,-22.622,1.5043,100781.9
1.1655,0.665,0.0073,88.354,20.122,-21.037,1.3419,100781.98
1.25,0.2437,-0.2798,-11.951,-10.549,-66.402,1.3039,100781.91
1.3843,0.3096,-0.332,12.5,51.585,-33.354,1.4568,100781.86
1.3013,0.2568,-0.4092,39.817,61.159,22.927,1.3881,100781.58
0.832,0.4302,0.0356,31.037,7.317,7.866,0.9373,100781.24
0.0225,0.0327,0.2173,-25.732,-115.976,2.134,0.2209,100780.87
0.2173,-0.3804,0.1655,-60.854,-85.061,44.878,0.4683,100779.98
1.0015,0.0122,0.0479,-85.793,14.024,62.988,1.0027,100779.94
1.1602,0.4722,0.2539,-61.402,15.854,43.963,1.278,100779.76
1.1274,0.4507,-0.1572,-102.256,-22.622,11.951,1.2243,100779.77
1.2622,0.5996,-0.4731,-109.39,-10.244,1.707,1.4753,100779.64
1.0923,0.7314,-0.4233,-94.39,-13.476,-6.22,1.3811,100779.55
1.0972,0.5981,-0.3628,-67.195,17.439,16.098,1.3012,100779.35
0.7354,0.6841,0.0688,18.415,73.11,28.476,1.0067,100778.84
0.2944,0.6011,0.0215,49.573,38.049,23.598,0.6697,100778.84
0.3252,0.0869,0.1753,3.232,-45.671,-44.939,0.3795,100778.32
1.2378,0.3813,-0.0254,23.841,28.78,-76.402,1.2955,100777.95
1.7505,0.7129,0.2949,154.268,62.378,-25.549,1.913,100777.91
1.3306,0.5312,-0.0537,169.146,47.805,-0.122,1.4337,100777.38
1.1162,0.4189,-0.2271,120.793,46.524,-23.415,1.2137,100777.73
0.9961,0.3188,0.2441,105.427,53.11,-26.89,1.074,100777.01
0.563,0.0923,0.3652,55.122,54.634,-5.549,0.6774,100776.59
0.335,0.1362,0.4038,-7.622,8.659,-9.451,0.5421,100776.66
0.3779,-0.1113,-0.186,-92.988,-63.049,6.951,0.4357,100777.56
0.7271,-0.1836,-0.127,-99.207,-116.585,25.915,0.7605,100777.27
1.2139,0.0811,-0.1895,-106.951,-65.244,48.476,1.2312,100776.65
1.4419,0.4419,0.1226,-53.963,-12.622,46.402,1.5131,100776.7
1.1289,0.6787,0.3154,-20.854,-16.585,18.537,1.3545,100776.98
0.8374,0.5171,-0.2397,-84.329,-12.439,44.451,1.013,100777.19
0.9565,0.626,-0.3477,-93.11,-2.134,11.707,1.1949,100777.34
0.9756,0.6299,-0.4341,-81.524,18.171,-27.195,1.2397,100776.59
0.9482,0.6426,-0.0972,-35.854,50.183,-40.183,1.1496,100776.64
0.731,0.6201,-0.1709,36.037,46.89,-35.976,0.9737,100776.2
0.583,0.3955,-0.0923,97.134,-14.39,-57.561,0.7105,100775.49
0.9409,0.5078,0.23,109.085,24.573,-51.098,1.0937,100775.58
0.9839,0.6138,0.4219,187.134,87.256,3.902,1.234,100775.39
0.9448,0.6992,0.5415,213.902,86.585,6.829,1.2942,100775.01
1.0049,0.4419,0.104,65.122,61.524,1.707,1.1027,100774.35
1.1958,0.2407,0.0991,-16.463,47.988,-15.854,1.2238,100774.1
1.0938,0.252,0.2686,-18.476,66.463,-3.476,1.1541,100774.54
0.7397,0.2769,0.2197,-40.061,3.049,-6.037,0.8198,100774.73
0.3936,0.0801,-0.0386,-86.22,-91.829,8.354,0.4035,100773.65
0.6431,-0.1084,-0.3096,-124.207,-105.854,53.232,0.7219,100773.95
1.2124,0.1006,-0.0117,-94.817,-24.329,40.976,1.2166,100774.16
1.3359,0.4839,0.2764,-50.61,-18.72,-4.756,1.4475,100773.48
0.9141,0.5654,0.4399,-29.146,-30.549,-29.634,1.1614,100773.2
0.5781,0.4097,0.125,-53.72,8.293,21.28,0.7195,100773.12
0.5737,0.3198,-0.0923,-53.659,6.829,50.0,0.6633,100773.67
0.7915,0.3389,-0.2207,-54.878,32.561,48.963,0.8888,100773.73
1.0835,0.4062,-0.2397,-32.073,20.793,19.268,1.1817,100773.52
1.0825,0.6436,-0.103,17.988,0.732,-3.537,1.2636,100773.35
1.0083,0.6738,0.0059,16.22,-16.89,-44.207,1.2127,100772.73
0.9009,0.5039,0.1499,69.268,-28.354,-75.976,1.0431,100772.77
0.8359,0.542,0.3828,118.841,28.171,-25.854,1.0673,100772.68
0.9258,0.5166,0.3169,132.683,52.805,-3.841,1.1065,100773.11
0.9761,0.6001,0.1025,151.524,36.402,-20.976,1.1504,100772.56
1.2324,0.4932,-0.0615,71.28,16.22,-38.902,1.3289,100772.02
1.2881,0.4707,0.062,29.085,18.902,-28.902,1.3728,100773.23
1.0527,0.3193,0.1118,-0.183,33.476,5.549,1.1058,100772.52
0.876,-0.0166,0.1982,-7.744,28.963,31.646,0.8983,100771.62
0.5454,0.1777,0.2896,25.61,22.988,37.378,0.6426,100771.68
0.4873,0.2949,-0.0249,-32.073,-65.976,36.341,0.5701,100771.12
0.9629,0.1138,-0.1357,-108.841,-100.549,26.524,0.979,100770.69
1.1313,0.3691,-0.1865,-103.415,-79.207,2.256,1.2046,100770.75
1.0957,0.3169,0.2607,-62.927,-55.061,-7.195,1.17,100770.32
0.7915,0.25,0.0337,-17.988,-15.122,33.049,0.8307,100769.47
0.7915,0.25,0.0337,-17.988,-15.122,33.049,0.8307,100769.45
0.6855,0.356,-0.1172,20.854,8.293,29.512,0.7813,100769.32
0.7505,0.502,-0.125,7.988,1.707,21.585,0.9115,100769.59
0.9053,0.4873,-0.3257,-32.317,7.073,17.683,1.0785,100768.68
0.9717,0.5869,-0.3032,-0.366,9.024,10.488,1.175,100769.11
0.8687,0.6548,-0.1821,39.207,7.012,-11.159,1.1029,100768.59
0.7656,0.7622,-0.0332,83.537,4.817,-27.683,1.0809,100768.69
0.8506,0.5864,-0.0493,104.695,9.512,-46.585,1.0343,100768.02
0.9692,0.7251,0.103,148.537,10.244,-88.659,1.2148,100768.0
0.8711,0.7354,0.3481,162.195,53.902,-70.244,1.192,100767.86
0.6665,0.3838,0.1914,148.72,78.902,-17.866,0.7926,100768.52
0.6841,0.2817,0.1274,134.878,106.463,2.317,0.7507,100768.13
0.7441,0.2715,-0.0254,120.366,113.11,-0.366,0.7925,100767.33
0.7695,0.3184,-0.0386,94.512,86.89,-20.305,0.8337,100767.35
1.0112,0.3667,-0.1597,72.561,65.549,-22.927,1.0875,100767.5
1.2046,0.5044,-0.1113,84.024,52.256,-35.732,1.3107,100767.23
1.0439,0.4473,0.0205,81.707,50.976,-23.415,1.1359,100767.77
0.8877,0.4287,0.1133,72.622,51.22,11.402,0.9923,100767.83
0.8979,0.4678,0.1689,52.5,23.11,43.598,1.0265,100767.24
0.8931,0.5439,0.1538,47.866,-6.402,22.988,1.0569,100767.06
1.0874,0.6006,0.228,72.073,-12.256,-15.671,1.263,100766.66
0.8301,0.5645,0.1436,96.524,17.439,1.829,1.014,100767.0
0.5444,0.5332,0.0205,107.683,34.268,13.293,0.7623,100766.87
0.6421,0.5747,-0.0356,74.207,21.768,3.293,0.8625,100766.51
0.9111,0.5835,-0.0073,85.305,56.646,-19.634,1.082,100766.76
0.9375,0.4907,0.0171,115.122,55.793,-28.293,1.0583,100766.69
0.7549,0.354,0.0317,152.317,35.793,-6.524,0.8344,100766.53
0.7178,0.2891,-0.0039,163.415,43.232,4.024,0.7738,100766.0
0.8047,0.2998,-0.0181,153.354,51.098,-4.024,0.8589,100765.62
0.8354,0.2612,-0.1548,142.378,62.683,-3.049,0.8889,100764.47
0.834,0.4102,-0.1333,142.622,63.293,-15.122,0.9389,100764.59
0.8364,0.4116,-0.0879,133.476,31.037,-28.72,0.9364,100764.45
0.79,0.3037,-0.0244,150.244,5.183,-48.415,0.8468,100764.59
1.0796,0.3799,-0.0264,137.805,38.11,-47.622,1.1448,100765.17
0.979,0.5581,-0.0566,144.207,69.817,-26.89,1.1283,100765.27
0.9619,0.5601,0.0161,142.256,52.744,-12.988,1.1132,100765.96
0.9307,0.2354,-0.2129,37.805,45.183,10.671,0.9833,100766.36
0.7192,0.2012,-0.4087,17.439,9.512,1.037,0.8514,100765.41
0.6152,0.272,-0.1929,62.561,3.902,-20.976,0.6998,100764.95
0.6851,0.3047,-0.2393,49.756,11.524,-13.354,0.787,100765.59
0.8706,0.3457,-0.2192,65.0,13.232,-7.988,0.962,100766.93
0.6377,0.2739,-0.1279,72.988,-14.878,0.549,0.7057,100766.84
0.4805,0.1519,-0.0176,64.207,-32.256,2.378,0.5042,100767.25
0.7773,0.2051,-0.0249,52.927,2.866,10.244,0.8043,100767.44
0.9893,0.2715,-0.1606,40.549,9.634,18.415,1.0383,100766.34
1.3027,0.5142,-0.1099,21.585,20.427,-3.902,1.4048,100766.63
1.1016,0.3096,-0.395,-15.854,-7.561,-12.256,1.2105,100766.72
1.1851,0.2485,-0.3867,-2.439,-0.366,-16.22,1.2711,100766.55
1.0723,0.2217,-0.3677,2.866,6.524,-10.732,1.155,100767.02
0.6611,0.1309,-0.5903,4.146,-28.415,13.963,0.8959,100767.38
0.8042,0.1895,-0.3643,22.805,-25.732,-10.0,0.9029,100767.3
0.6621,0.1626,-0.1592,1.22,-4.146,-8.171,0.7001,100768.09
0.7661,0.3149,-0.1089,38.476,59.878,-31.341,0.8354,100768.7
1.0967,0.6562,0.1338,111.768,76.037,-21.037,1.285,100768.65
0.8481,0.5225,-0.2095,52.622,25.061,25.854,1.0179,100769.25
1.5352,0.6895,-0.356,-20.183,40.0,-17.378,1.7201,100769.67
1.2134,0.4946,-0.3564,-60.976,19.634,-37.134,1.3579,100769.61
0.4541,-0.0386,-0.2505,-11.585,-31.402,4.695,0.52,100769.81
0.9004,0.0581,-0.4741,-4.39,21.159,9.024,1.0192,100770.21
0.9302,0.3687,0.0874,1.22,11.22,-5.671,1.0044,100769.02
0.3301,0.144,-0.001,-18.841,-63.841,-4.634,0.3601,100769.38
0.4585,0.0308,0.0605,-1.037,-28.78,25.244,0.4635,100769.27
0.793,0.1724,-0.1123,-12.988,35.061,49.573,0.8192,100769.45
1.3135,0.2061,-0.439,-56.098,14.207,13.78,1.4001,100769.56
1.439,0.4434,-0.1929,-21.524,-4.268,-33.415,1.518,100769.16
1.4478,0.5859,-0.1787,-39.085,51.402,-23.354,1.572,100769.84
0.9614,0.3721,-0.3174,-30.305,-15.427,-4.939,1.0787,100771.48
0.5801,0.1831,-0.5039,-6.707,-66.585,-9.634,0.7899,100771.48
0.6606,0.1069,-0.208,1.707,-20.732,-19.939,0.7008,100772.19
0.5688,0.1724,-0.1108,63.293,5.122,-12.805,0.6046,100771.77
1.186,0.5029,0.2754,122.561,59.817,-23.354,1.3174,100770.92
1.2681,0.479,0.022,108.049,68.171,14.512,1.3557,100771.67
0.9985,0.3564,-0.0303,59.39,32.439,13.415,1.0607,100772.84
0.9624,0.312,-0.1709,-26.646,5.427,-21.829,1.026,100772.73
0.9233,0.2505,-0.1738,-86.524,-12.439,-8.659,0.9724,100773.27
0.4883,-0.0747,-0.1328,-82.012,-90.549,13.232,0.5115,100773.98
0.3643,-0.0391,0.0942,-57.5,-51.951,38.72,0.3783,100773.84
1.2178,0.3984,-0.3486,-41.098,3.841,24.817,1.3279,100773.34
1.812,0.6665,-0.1069,-5.854,73.171,-17.622,1.9337,100773.73
1.3467,0.8149,-0.1333,17.439,50.671,7.256,1.5797,100774.02
1.0093,0.3291,-0.4487,-74.939,-34.024,25.244,1.1525,100774.23
0.8784,0.1934,-0.5049,-38.232,-40.244,-22.012,1.0315,100775.14
0.7915,0.2031,-0.2744,27.561,-20.305,-17.012,0.862,100775.69
0.4839,0.0151,-0.04,42.744,-30.549,1.646,0.4858,100775.12
0.4385,0.0581,-0.0591,48.171,-3.659,14.329,0.4462,100775.2
0.9136,0.3828,0.0059,91.22,23.354,-11.463,0.9906,100775.35
1.4502,0.8198,0.1548,85.183,63.415,-21.159,1.6731,100775.48
1.311,0.5864,-0.1499,16.585,57.439,-1.707,1.444,100775.7
1.2046,0.4087,-0.2275,2.622,46.768,-14.39,1.2922,100775.98
0.7817,0.1562,-0.1699,-19.451,16.463,-8.171,0.8151,100775.95
1.0127,-0.0591,-0.4512,-54.085,-10.976,-9.451,1.1102,100776.18
0.8369,0.1094,-0.0605,-13.72,-13.598,-14.512,0.8462,100776.85
0.2168,0.3965,0.2798,-4.512,-37.622,-6.28,0.5315,100776.35
0.1147,0.1465,0.2109,-62.866,-61.098,8.232,0.2813,100776.23
0.8823,0.0962,-0.6973,-69.207,-38.72,9.695,1.1287,100776.41
1.7393,0.4243,-0.3276,17.317,68.476,-20.915,1.82,100777.26
1.6831,0.8281,0.0454,60.488,84.939,-9.817,1.8764,100778.02
0.9951,0.5972,-0.2188,4.024,-23.354,17.683,1.181,100778.23
0.4956,0.0532,-0.3408,-24.878,-80.183,-14.634,0.6038,100777.99
0.8726,0.0615,-0.5029,-3.293,-36.768,-11.89,1.009,100778.2
0.8022,0.1289,-0.1064,33.293,-18.598,-4.146,0.8195,100777.99
0.7588,0.3721,-0.0566,49.146,14.451,7.988,0.847,100778.06
1.3052,0.5703,0.0288,92.012,52.073,-0.366,1.4246,100778.24
0.9834,0.5,0.2031,112.683,46.463,0.0,1.1218,100778.38
0.6831,0.2642,-0.2378,17.683,41.402,23.354,0.77,100778.12
1.2334,0.439,-0.2822,-50.854,38.415,-19.512,1.3393,100778.67
1.0356,0.4443,-0.0078,-70.732,-0.732,-34.573,1.127,100779.07
0.6816,0.0425,-0.665,-94.146,-83.598,12.073,0.9533,100779.12
0.3677,-0.1201,-0.0425,-17.744,-100.976,16.402,0.3891,100779.17
0.5254,-0.0405,-0.0708,-8.598,-60.366,25.183,0.5317,100778.84
0.9058,0.2129,-0.1182,-13.354,7.744,27.317,0.9379,100779.45
1.3047,0.5405,0.1313,-48.415,64.756,9.573,1.4183,100779.78
1.9507,0.7754,-0.1958,-37.988,91.829,-41.585,2.1083,100780.66
1.7217,0.7095,-0.2334,-7.134,61.524,-48.78,1.8767,100780.68
0.6699,0.3462,-0.3325,-35.488,-5.671,-8.11,0.8241,100780.34
0.623,0.3271,-0.5415,-27.134,2.439,5.244,0.8879,100780.21
0.4395,0.0049,-0.0068,56.585,54.146,10.488,0.4395,100780.84
0.2178,-0.0913,0.1426,100.183,40.061,42.378,0.2758,100780.59
0.1938,0.1455,0.1904,109.451,56.402,42.866,0.3082,100780.52
1.0444,0.5503,0.063,84.878,56.585,4.878,1.1822,100780.2
1.9336,0.8564,0.0869,58.72,30.0,-31.463,2.1166,100781.34
1.7144,0.6777,-0.1064,3.415,37.683,-10.732,1.8465,100781.58
1.1177,0.3257,-0.1089,11.585,1.463,-4.512,1.1692,100782.14
0.6123,0.1211,-0.1323,45.122,-66.707,-1.037,0.638,100782.3
0.4902,0.105,-0.061,57.195,-70.549,-17.439,0.5051,100782.03
0.3267,0.0762,0.1396,28.11,-58.415,-5.854,0.3633,100781.1
0.3862,-0.02,-0.3721,-11.098,-35.61,38.963,0.5367,100781.15
1.8472,0.5186,-0.1416,57.5,68.11,-9.939,1.9238,100780.94
1.8457,0.6885,0.3765,122.134,49.939,-13.659,2.0056,100781.27
0.8013,0.3936,-0.4009,47.561,-31.768,49.085,0.9786,100782.12
0.9404,0.2041,-0.4771,-12.195,-50.854,-2.5,1.0741,100782.79
0.8735,0.1421,-0.2524,-4.634,-37.195,-22.683,0.9203,100783.29
0.6021,0.1611,-0.2505,45.366,-18.841,1.829,0.6717,100783.17
0.3618,0.1099,0.0005,88.415,-34.512,1.89,0.3781,100782.7
0.2939,0.1035,0.0059,76.707,6.098,2.439,0.3117,100782.36
1.0576,0.4492,-0.3247,81.646,49.695,-19.39,1.1941,100782.23
1.8652,1.1001,-0.0815,130.0,94.146,-46.463,2.167,100782.98
1.6812,0.8994,-0.1265,88.171,82.256,-22.866,1.9108,100783.32
1.3247,0.5439,-0.2866,12.988,35.854,-37.561,1.4604,100782.94
0.9375,0.3843,-0.2554,34.878,54.329,-37.439,1.0449,100783.52
0.8486,0.3062,-0.249,72.134,71.341,-13.963,0.9359,100783.71
0.7534,0.1782,-0.1763,97.378,40.61,-8.232,0.794,100784.23
0.7075,0.3501,0.0063,102.683,25.305,-18.354,0.7894,100784.12
1.0415,0.5337,0.0757,66.402,38.232,-29.085,1.1727,100784.77
1.0977,0.4922,0.1035,82.073,48.72,-27.256,1.2074,100784.52
0.8574,0.5889,0.3906,180.976,42.805,-19.512,1.1111,100785.45
0.8003,0.5151,0.1577,161.28,60.0,-0.671,0.9647,100785.41
0.9985,0.4155,-0.0723,109.634,65.793,-8.354,1.084,100784.62
1.0127,0.4653,0.0112,106.28,44.756,-21.463,1.1145,100784.65
0.8501,0.2671,-0.0884,96.829,31.829,-5.244,0.8954,100784.8
0.7612,0.2539,-0.0459,144.085,62.439,3.78,0.8038,100784.8
0.8247,0.4014,0.1396,196.402,78.049,-4.756,0.9278,100784.55
0.9043,0.4873,0.1353,183.415,88.293,3.598,1.0361,100785.09
1.0249,0.627,0.1021,139.085,75.671,-9.146,1.2058,100784.5
1.02,0.5786,-0.0229,93.72,28.11,-49.024,1.1729,100785.45
0.8496,0.4482,0.0879,104.512,21.89,-58.415,0.9646,100784.8
0.7661,0.3906,0.1089,149.817,44.512,-41.22,0.8668,100784.28
0.8071,0.396,0.374,209.939,83.354,-9.329,0.9737,100784.54
0.9111,0.271,0.1885,183.11,108.72,27.744,0.9691,100784.34
0.9307,0.3545,-0.0659,181.951,79.024,-10.427,0.9981,100783.58
1.2217,0.6934,-0.1045,150.549,65.549,-45.488,1.4086,100784.5
1.2026,0.4199,-0.2837,42.5,31.28,-11.829,1.305,100784.47
1.249,0.3433,-0.2944,21.341,60.061,6.098,1.3284,100784.17
1.4189,0.415,-0.0786,57.073,43.78,2.805,1.4805,100784.59
1.1206,0.335,0.1558,63.902,7.805,14.39,1.1799,100783.52
0.645,0.1855,0.2495,30.183,-18.11,36.159,0.7161,100783.23
0.5469,0.1743,0.1294,10.915,-18.963,39.146,0.5884,100783.88
1.0361,0.4673,0.4912,-11.707,-1.585,24.634,1.2382,100783.36
1.0688,0.333,0.2983,-38.72,-31.22,18.476,1.1586,100783.48
0.8677,0.3037,0.1489,-37.073,-36.159,9.939,0.9313,100782.2
1.2573,0.4512,-0.168,-94.146,-11.22,6.829,1.3463,100782.48
1.3652,0.4648,-0.4351,-102.317,-11.22,-5.915,1.5064,100782.19
1.2354,0.4224,-0.1748,-24.634,-8.537,-33.902,1.3172,100782.86
1.106,0.5156,0.1562,22.012,50.671,-30.305,1.2302,100782.36
0.4858,0.4092,0.1182,57.866,63.476,-4.085,0.6461,100782.12
0.1606,0.3032,0.1719,113.841,30.427,1.585,0.3838,100782.8
0.3208,0.2251,-0.0088,100.488,1.951,-10.427,0.392,100782.55
1.2983,0.563,0.2485,107.805,69.085,-50.61,1.4368,100783.23
1.2783,0.5796,0.4907,170.671,78.963,-19.695,1.4869,100782.13
1.0781,0.5186,0.647,167.561,78.537,10.427,1.3601,100781.44
1.1377,0.1577,0.1504,3.72,108.963,25.122,1.1584,100781.41
1.2017,0.1865,-0.2144,-50.183,89.146,1.159,1.2348,100781.62
1.1865,0.3652,0.1973,-36.159,23.415,-42.317,1.257,100781.41
0.4175,-0.0332,0.0249,-34.512,-95.183,-51.524,0.4195,100780.65
0.1279,-0.2886,0.1436,-6.829,-131.829,-14.39,0.3468,100779.84
0.6689,-0.0361,0.4312,-48.841,-50.305,27.988,0.7967,100780.7
1.3325,0.4395,0.2905,-122.256,-21.829,61.098,1.4329,100780.36
1.5532,0.7085,0.2871,-79.329,-65.793,-1.463,1.7312,100780.36
1.1353,0.6191,0.0659,-108.293,-57.073,-4.878,1.2948,100780.59
0.9092,0.623,-0.1514,-130.0,-6.341,13.659,1.1125,100781.4
0.9126,0.5366,-0.022,-110.305,7.195,-14.085,1.0589,100781.12
0.896,0.6025,0.0796,-49.939,41.159,-15.122,1.0827,100780.68
0.5713,0.4258,-0.1436,16.585,15.244,-11.037,0.7268,100779.73
0.2861,0.166,0.2539,110.0,-75.549,-50.0,0.417,100779.63
0.8438,0.3979,0.4629,84.939,59.939,-0.671,1.0414,100779.31
1.1968,0.5977,0.1865,92.134,107.195,41.768,1.3507,100779.44
1.5596,0.7754,0.5215,147.317,25.915,10.488,1.8181,100778.92
1.4023,0.4341,0.1172,75.244,15.793,3.78,1.4727,100778.42
1.0815,0.4355,0.2539,58.11,45.427,1.524,1.1933,100777.66
0.3623,-0.2397,-0.002,-52.073,-100.427,6.829,0.4344,100776.55
0.7227,-0.188,0.0059,-42.927,-112.561,42.744,0.7467,100776.27
1.2812,0.1948,0.1045,-24.146,-112.256,27.439,1.3002,100775.91
1.1919,0.3853,0.1533,-52.744,-49.756,31.159,1.262,100776.29
1.1807,0.6172,-0.0732,-69.268,-22.988,18.171,1.3343,100777.05
1.2056,0.8022,0.0479,-104.756,-1.037,-10.732,1.4489,100776.52
1.0781,0.6992,0.0952,-139.39,13.293,-9.878,1.2885,100776.48
0.5166,0.5112,-0.0762,-86.463,24.878,6.585,0.7308,100776.2
0.5103,0.6768,-0.1294,9.512,60.732,8.11,0.8574,100776.38
0.4502,0.2798,-0.188,33.293,-11.89,-5.244,0.5624,100776.49
1.0815,0.437,0.2295,75.671,9.39,-52.805,1.1889,100776.23
1.394,0.4424,0.1865,92.561,76.951,-6.951,1.4744,100775.88
1.3008,0.4526,0.1685,180.0,47.561,10.732,1.3875,100775.89
1.0176,0.4438,0.1543,176.951,44.756,4.146,1.1208,100776.02
1.04,0.3984,0.0942,124.573,41.585,-8.415,1.1177,100775.62
1.0366,0.2437,0.231,46.402,44.512,1.646,1.0896,100775.2
0.7217,0.1812,0.1694,-34.634,25.244,16.037,0.7631,100775.61
0.3081,0.0659,0.1899,-96.707,-112.256,-5.427,0.3679,100775.06
0.3589,-0.2676,-0.0059,-151.22,-170.366,5.305,0.4477,100775.4
0.6958,-0.2075,-0.105,-127.317,-68.476,39.207,0.7336,100774.79
1.0503,0.3149,0.1279,-56.28,-12.744,53.293,1.1039,100774.8
1.543,0.8452,0.1626,-56.22,7.561,11.829,1.7668,100775.22
1.5767,0.6587,-0.2417,-119.817,-42.012,-9.146,1.7257,100775.04
0.8286,0.6191,-0.1929,-100.183,-0.793,-0.061,1.0522,100774.77
0.5332,0.3462,-0.1826,-33.11,0.976,-1.89,0.6614,100774.57
0.3765,0.2236,0.2876,83.963,75.915,37.561,0.5239,100774.67
0.5034,0.3345,0.0464,126.951,91.037,46.22,0.6062,100774.5
0.811,0.3633,0.0742,126.098,-5.061,-30.549,0.8918,100774.25
1.4551,0.7065,0.2275,109.878,39.817,-66.341,1.6335,100773.55
1.5034,0.7334,0.1104,128.293,44.268,-22.256,1.6764,100773.41
1.23,0.4985,0.103,127.073,56.768,10.122,1.3312,100773.28
1.022,0.3237,0.1353,59.207,52.927,0.061,1.0805,100772.95
0.875,0.1284,0.2622,1.768,3.78,-19.939,0.9224,100772.57
0.6846,0.2529,0.2549,-34.329,-8.11,-48.293,0.773,100771.93
0.3711,0.1743,0.0054,-67.439,-84.207,-21.037,0.41,100771.95
0.4756,-0.3496,-0.3232,-77.988,-143.902,40.427,0.673,100771.83
0.8052,0.0396,-0.0532,-28.902,-47.317,43.598,0.8079,100770.89
1.355,0.4629,0.0557,-44.695,-15.732,31.037,1.4329,100770.55
1.3423,0.6797,0.2373,-40.061,-43.537,8.963,1.5232,100770.02
0.9775,0.5532,-0.127,-115.122,-46.646,25.61,1.1304,100769.75
1.0747,0.5029,-0.3618,-118.415,-36.402,8.11,1.2405,100770.82
0.9917,0.6289,-0.2183,-50.488,-14.756,-15.854,1.1944,100770.62
0.896,0.5864,-0.2334,-20.488,51.22,7.988,1.096,100769.33
0.5132,0.5176,-0.165,72.195,74.207,42.134,0.7473,100769.5
0.1919,0.415,0.0371,120.244,-16.707,-13.476,0.4588,100770.49
0.5127,0.3267,0.1597,76.524,-77.378,-94.573,0.6285,100770.51
0.9624,0.3926,0.0635,110.854,74.512,-44.268,1.0413,100769.89
0.9497,0.7275,0.3696,232.378,115.427,-6.341,1.2522,100769.68
0.8638,0.7495,0.1523,167.195,70.061,-36.402,1.1537,100768.89
1.2046,0.4873,-0.2251,27.134,20.061,-50.671,1.3188,100768.07
1.437,0.5776,-0.2373,49.756,32.439,-33.841,1.5668,100768.3
1.2295,0.5137,-0.3315,89.329,58.78,3.963,1.3731,100768.36
1.0801,0.4038,-0.1655,90.915,29.756,-0.305,1.1649,100768.04
0.8491,0.3901,-0.0625,65.671,13.537,-6.707,0.9365,100768.16
0.6968,0.4238,-0.0254,58.902,-30.671,5.183,0.8159,100767.76
0.3823,0.2129,0.0596,68.902,-84.329,29.695,0.4416,100767.21
0.4404,0.1816,-0.0762,27.378,-67.195,11.22,0.4825,100766.55
0.877,0.3447,0.2129,41.829,17.988,-26.22,0.966,100766.81
0.9043,0.583,0.2114,84.512,100.793,-16.463,1.0965,100766.88
0.6948,0.3286,-0.1699,43.293,93.659,15.915,0.7872,100767.18
0.9414,0.2339,-0.4795,-14.451,77.988,6.768,1.0821,100766.65
1.3228,0.4248,-0.7031,1.89,54.39,-2.927,1.5571,100767.01
1.3838,0.5425,-0.5449,74.878,18.72,1.463,1.5831,100766.78
1.0327,0.583,-0.3335,129.146,-34.756,-6.463,1.2319,100766.86
0.6665,0.4961,-0.1138,141.463,-66.951,-39.756,0.8386,100766.55
0.5151,0.4761,0.1299,141.098,-63.659,-51.951,0.7134,100766.31
0.4863,0.2886,-0.1299,106.28,-11.585,-35.732,0.5802,100766.02
0.6694,0.4253,-0.1631,99.39,79.39,-45.976,0.8097,100765.44
0.8789,0.6733,0.04,115.854,159.329,-45.488,1.1079,100765.36
1.0117,1.1831,0.144,143.841,168.537,-50.854,1.5633,100764.7
0.8809,0.6201,-0.1387,34.024,50.0,-69.268,1.0861,100764.45
0.8184,0.3433,-0.1484,32.622,49.146,-63.72,0.8998,100764.26
0.8101,0.4253,-0.1611,86.89,107.805,-25.366,0.929,100764.48
0.6948,0.4028,-0.1865,123.841,71.22,-16.89,0.8245,100763.39
0.6357,0.3315,-0.0303,128.11,38.659,-35.366,0.7176,100763.71
0.6904,0.3613,-0.0479,117.683,55.305,-32.866,0.7807,100764.44
0.7607,0.5146,-0.0708,114.878,78.659,-14.695,0.9212,100764.85
0.8096,0.6025,-0.0952,87.073,68.902,-6.768,1.0137,100765.66
0.8013,0.6055,-0.1191,56.524,34.024,-17.073,1.0113,100766.28
0.856,0.5205,-0.1377,48.171,21.402,-22.378,1.0112,100764.89
1.0542,0.4199,-0.0278,59.695,55.061,-4.024,1.1351,100765.05
0.9751,0.377,0.0688,91.524,75.427,10.671,1.0477,100765.34
0.8711,0.3281,0.0454,101.463,46.585,10.061,0.932,100765.65
1.0654,0.3232,-0.1133,63.415,44.024,5.488,1.1191,100764.55
1.0098,0.4561,-0.3428,51.22,29.085,-10.183,1.1598,100764.7
0.7764,0.4995,-0.3657,64.573,7.683,-17.866,0.993,100764.69
0.6509,0.3916,-0.2295,85.488,25.793,-0.976,0.7935,100765.17
0.5635,0.3662,-0.0347,136.829,38.171,7.317,0.6729,100765.41
0.5049,0.3179,0.0322,151.22,53.049,5.366,0.5975,100765.72
0.4136,0.2324,0.0396,130.0,45.122,-9.329,0.4761,100765.33
0.4717,0.2017,0.0156,89.024,25.671,-32.5,0.5132,100765.78
0.8921,0.1787,-0.0791,43.354,37.622,-50.61,0.9132,100765.38
1.1362,0.1797,-0.1934,42.256,60.122,-40.0,1.1665,100765.34
1.312,0.6128,0.0562,97.317,69.39,-8.659,1.4492,100765.91
1.252,0.9126,-0.0728,59.268,44.146,49.329,1.551,100766.34
1.5601,0.9478,-0.1235,9.817,29.085,-4.573,1.8296,100766.53
1.1475,0.7173,-0.1138,16.707,15.732,-48.354,1.358,100766.55
0.7144,0.1646,-0.5396,-2.622,-6.28,17.927,0.9102,100766.45
0.7744,0.083,-0.416,50.61,14.512,36.28,0.883,100766.25
0.6221,0.2061,-0.0044,60.671,-16.341,-8.354,0.6553,100766.46
0.5688,0.251,-0.0103,19.268,-46.037,-1.646,0.6218,100766.37
0.6982,0.2124,0.0146,-18.598,-23.293,29.939,0.73,100766.8
0.5317,0.1035,0.1904,-29.085,-10.488,29.939,0.5742,100767.62
0.4629,-0.0161,0.144,-52.195,-31.098,6.098,0.4851,100767.27
1.0073,0.1553,-0.103,-58.659,7.073,15.976,1.0244,100767.35
1.9263,0.7363,0.0728,-19.512,80.427,-0.305,2.0635,100767.54
1.3745,0.9883,-0.019,-7.073,17.012,-22.073,1.693,100768.07
0.8145,0.3994,-0.2944,-64.695,-42.134,-6.951,0.9537,100767.94
0.6782,0.2471,-0.4097,-37.561,-27.378,-22.439,0.83,100768.96
0.7822,0.3516,-0.4453,6.037,-71.28,3.72,0.9663,100769.74
0.75,-0.0386,-0.1934,-2.866,-70.61,12.988,0.7755,100769.48
0.7837,-0.0708,-0.0854,53.476,2.561,9.39,0.7915,100768.52
1.0703,0.5088,0.2036,144.817,24.085,12.317,1.2025,100768.53
0.9663,0.9175,0.2012,96.22,22.439,9.39,1.3476,100769.04
1.1724,0.8369,-0.2905,-57.561,11.037,-22.317,1.4694,100769.66
1.1543,0.5029,-0.4888,-90.122,-17.317,-63.963,1.3506,100770.52
0.9751,0.1431,-0.6484,-50.427,-52.439,-13.415,1.1797,100770.27
1.1104,0.0791,-0.5981,37.5,-11.037,6.22,1.2637,100770.58
0.6157,0.2817,0.0171,55.427,-24.451,-17.439,0.6773,100771.18
0.314,0.1938,0.1484,-18.11,-32.195,-8.293,0.3977,100771.27
0.3818,0.1821,0.2588,-30.061,17.195,33.902,0.4959,100771.59
0.5171,0.0498,-0.0347,-45.061,24.329,68.171,0.5206,100772.2
1.2026,0.165,-0.3193,-60.671,30.061,43.476,1.2552,100771.29
1.5142,0.4028,-0.4043,-43.415,12.988,-2.988,1.6182,100771.21
1.7085,0.708,-0.3726,-6.159,21.951,-27.439,1.8865,100770.66
1.1265,0.5239,-0.0845,3.415,28.72,-9.329,1.2452,100770.25
0.499,0.2207,-0.229,4.024,10.549,30.183,0.5918,100770.19
0.8047,0.2173,-0.4551,-15.183,-44.085,13.902,0.9496,100770.15
0.9751,0.0562,-0.314,-49.573,-68.354,-17.866,1.0259,100770.75
0.6089,-0.0562,-0.2397,13.415,-32.317,-14.756,0.6568,100770.82
0.5981,0.3677,0.104,130.427,46.341,3.11,0.7098,100771.23
1.0688,0.7783,0.2627,116.524,80.671,13.293,1.348,100771.81
1.0005,0.5054,-0.0703,51.951,13.537,20.976,1.1231,100772.96
1.3296,0.5156,-0.3394,-27.805,21.159,-15.183,1.4659,100773.12
1.2812,0.4663,-0.2715,-62.683,-13.72,-58.415,1.3902,100773.46
0.6396,0.0786,-0.3076,-83.049,-16.463,-19.756,0.7141,100773.97
0.6372,-0.001,-0.2529,-39.39,2.073,7.744,0.6856,100773.85
0.4355,0.2148,0.1743,18.171,-8.354,12.622,0.516,100774.48
0.3491,0.1201,-0.0562,-19.634,-25.61,33.11,0.3735,100774.12
0.9658,0.0376,-0.4307,-30.549,15.488,34.756,1.0582,100774.09
1.7178,0.5542,0.1113,41.402,71.707,-34.939,1.8084,100773.56
1.2021,0.7344,0.0947,37.5,36.463,-3.171,1.4119,100774.05
1.1353,0.3374,-0.4653,-53.049,-23.11,18.171,1.2725,100775.01
1.1108,0.1909,-0.314,-6.768,-27.927,-29.329,1.17,100774.39
0.9082,0.2607,-0.25,24.451,-23.963,-0.976,0.9774,100774.16
0.6177,-0.0205,-0.1064,9.146,-49.695,17.805,0.6271,100775.12
0.521,0.0864,0.0278,31.707,-8.476,11.524,0.5288,100775.58
0.9966,0.3965,0.0161,61.707,12.378,0.61,1.0727,100776.02
1.1011,0.6753,-0.0171,80.305,22.256,-6.037,1.2918,100776.26
1.4453,0.8062,-0.1709,10.976,59.451,-26.768,1.6637,100776.41
1.1865,0.2988,-0.2744,-40.122,18.537,-39.817,1.254,100776.68
0.7598,0.1011,-0.2974,-22.744,32.256,-14.756,0.8221,100776.5
0.9385,0.4292,-0.1904,-10.305,41.585,6.768,1.0494,100776.61
0.7793,0.2407,-0.1167,-36.22,-62.378,-6.28,0.8239,100776.58
0.4946,0.0728,0.0171,-20.427,-76.098,-16.768,0.5002,100776.79
0.3931,-0.002,-0.0474,-3.415,-26.402,26.524,0.3959,100777.59
0.8833,0.0938,-0.3369,0.488,4.512,40.305,0.95,100777.67
1.4551,0.4219,-0.061,27.988,76.463,14.146,1.5162,100777.74
1.8027,0.8271,-0.0151,36.28,55.976,-14.695,1.9835,100777.78
1.1865,0.498,-0.1826,-17.073,-26.098,-0.793,1.2997,100778.31
0.4482,0.0518,-0.2427,-4.146,-52.927,-0.61,0.5123,100778.48
0.5005,0.1309,-0.2764,29.268,3.049,1.22,0.5865,100778.34
0.4976,0.0249,-0.019,39.146,-12.195,13.78,0.4985,100779.1
0.5127,0.0918,0.1216,42.256,5.793,17.744,0.5349,100779.19
0.98,0.4346,0.0698,53.598,83.293,-5.976,1.0743,100779.11
1.6343,0.8936,0.1699,77.988,73.963,-35.183,1.8703,100779.45
1.5547,0.5171,-0.2124,-26.28,9.329,-23.537,1.6521,100778.95
1.2847,0.2646,-0.4546,-61.524,-22.134,-24.39,1.3882,100780.06
0.9844,0.3872,-0.1396,-6.22,-11.524,-10.793,1.067,100780.65
0.6826,0.23,-0.2622,-13.354,-50.122,1.098,0.7666,100780.96
0.3989,0.1333,-0.1533,6.585,-81.829,-14.146,0.4477,100779.34
0.3179,0.1694,0.1572,25.0,-44.817,-0.61,0.393,100779.71
1.3208,0.2134,-0.0527,-0.793,78.171,61.098,1.339,100779.62
1.8843,0.4985,0.0142,6.768,60.793,12.378,1.9492,100780.2
1.6138,0.7397,-0.2505,16.89,-1.768,-17.317,1.7928,100780.02
1.2036,0.3618,-0.2637,-18.902,-73.902,-26.646,1.2842,100780.48
0.6265,0.0278,-0.1108,2.5,-35.488,9.329,0.6368,100781.33
0.3853,0.1323,-0.292,5.671,27.561,32.866,0.5012,100781.46
0.6899,0.252,-0.3291,-22.805,-3.963,15.0,0.8049,100781.83
0.8193,0.0859,-0.4053,-50.61,-41.951,-11.037,0.9181,100781.97
0.7617,0.0283,-0.2583,25.305,5.427,-25.61,0.8048,100782.45
0.667,0.4043,0.187,152.866,68.963,-6.951,0.8021,100782.8
0.6392,0.5645,0.022,137.134,79.207,-4.695,0.853,100783.08
1.2744,0.6919,-0.1772,81.098,52.439,-43.841,1.4609,100783.52
1.4043,0.5371,-0.2964,37.988,32.561,-28.78,1.5324,100783.61
0.9971,0.3311,-0.3857,29.695,16.28,-13.78,1.1192,100783.41
0.9175,0.3735,-0.229,75.793,10.061,-27.134,1.0167,100783.27
0.8228,0.2778,-0.0342,99.268,8.354,-4.329,0.8691,100783.43
0.6792,-0.022,-0.3403,47.988,-25.122,27.988,0.76,100783.41
0.7163,0.0791,-0.0444,43.049,-54.329,32.805,0.722,100782.91
0.8467,-0.0176,0.1113,27.073,-41.585,59.39,0.8541,100783.27
1.1841,0.312,-0.0171,51.341,53.659,41.098,1.2246,100783.05
1.7158,1.0815,0.54,109.329,68.659,-72.5,2.0989,100783.38
1.5151,1.2837,0.0493,44.939,64.695,-60.671,1.9864,100783.62
1.4766,0.6084,-0.3579,-66.89,32.683,-53.72,1.6366,100783.45
1.1221,0.1357,-0.5498,5.915,26.829,-41.829,1.2569,100783.42
0.9199,0.2754,-0.1885,173.11,75.427,-15.122,0.9786,100783.05
0.7031,0.4727,0.2246,254.634,47.988,-10.183,0.8765,100783.76
0.3125,0.335,0.127,212.317,-0.244,-19.756,0.4754,100783.89
0.5396,0.2573,-0.0034,182.744,19.268,-22.683,0.5978,100783.64
0.7163,0.3828,-0.0288,192.012,48.354,5.122,0.8127,100783.96
0.9155,0.582,0.063,214.817,21.22,-41.707,1.0867,100783.94
1.0142,0.6567,0.0361,209.39,42.439,-76.037,1.2088,100784.91
1.397,0.8691,0.0547,188.537,97.378,-75.366,1.6462,100784.91
1.3486,0.5571,0.0142,150.427,84.024,-58.902,1.4592,100784.16
0.8008,0.2378,-0.0132,142.805,73.171,-34.695,0.8354,100784.21
