ax,ay,az,gx,gy,gz,avm,pressure
0.7935,0.3887,-0.3818,137.439,25.488,-47.134,0.9625,100804.65
0.9263,0.2627,-0.2837,139.207,22.622,-58.476,1.0037,100804.44
0.9448,0.1655,-0.0547,125.244,26.951,-57.988,0.9608,100804.65
0.7939,0.2104,-0.2749,116.098,-3.232,-51.89,0.8661,100804.29
0.7964,0.1807,-0.3037,136.707,1.585,-55.0,0.8713,100804.55
1.0205,0.1846,-0.1948,144.451,0.305,-67.805,1.0552,100804.34
0.9448,0.1401,-0.3389,109.939,-3.476,-69.024,1.0135,100804.31
0.9468,0.2456,-0.3696,100.732,14.024,-74.207,1.0456,100803.68
0.8296,0.2939,-0.4277,77.378,26.037,-68.11,0.9786,100803.71
0.8574,0.2368,-0.4688,84.207,38.841,-63.963,1.0055,100803.72
0.9253,0.2749,-0.334,95.671,71.707,-51.159,1.0214,100803.85
0.7778,0.2974,-0.3213,82.317,97.5,-36.037,0.8926,100805.18
0.9526,0.3096,-0.1353,82.866,62.622,-43.293,1.0108,100804.82
0.8857,0.2964,-0.1177,97.195,5.244,-70.061,0.9414,100804.05
0.7642,0.4312,-0.1235,104.512,-0.183,-83.841,0.8861,100803.48
0.937,0.3179,-0.1733,118.293,27.683,-59.634,1.0045,100804.18
1.0933,0.3071,-0.3018,122.988,61.22,-42.134,1.175,100805.68
1.1699,0.2847,-0.354,76.463,36.341,-42.5,1.255,100805.09
0.9497,0.3252,-0.4487,51.951,-31.646,-59.695,1.0996,100804.15
0.7739,0.3594,-0.3711,68.659,1.768,-40.061,0.9305,100805.19
0.7646,0.2178,-0.3706,50.732,40.427,-10.915,0.8772,100804.47
0.8159,0.251,-0.334,57.866,37.927,-7.5,0.9167,100804.55
0.9126,0.2827,-0.522,47.683,19.878,-17.866,1.0887,100805.38
0.9761,0.4106,-0.3604,21.463,31.951,-17.927,1.1186,100804.98
1.1279,0.3193,-0.0034,16.707,28.78,-10.366,1.1723,100805.45
1.02,0.3408,-0.0405,49.634,1.098,8.11,1.0762,100805.79
0.9722,0.2583,-0.1953,40.671,-24.085,11.28,1.0247,100805.53
0.8496,0.3052,-0.231,35.488,-17.5,7.134,0.9318,100804.62
0.9648,0.2271,-0.3501,2.561,-28.78,19.878,1.0512,100804.55
1.043,0.2109,-0.3872,7.866,-21.524,21.951,1.1323,100804.24
0.8364,0.2773,-0.4116,10.0,-19.268,16.951,0.9726,100804.88
1.1177,0.3169,-0.5762,4.024,-8.537,18.841,1.2968,100804.38
0.9619,0.2485,-0.4199,11.829,19.756,24.329,1.0786,100803.51
0.8169,0.21,-0.1445,-16.098,42.256,-1.646,0.8557,100802.84
0.7842,0.1318,-0.3115,-5.61,2.195,-26.585,0.854,100802.73
0.6367,0.2349,-0.2036,36.463,-53.963,-36.159,0.7085,100803.26
0.7656,0.2295,-0.0098,55.366,-38.415,-21.341,0.7993,100801.91
0.8433,0.333,0.0205,29.695,10.854,-23.11,0.9069,100802.03
0.7749,0.377,-0.1348,13.963,17.744,-42.988,0.8722,100802.12
0.8174,0.1929,-0.4463,-24.268,-35.549,-0.305,0.951,100801.8
0.915,0.0713,-0.6426,-23.171,-38.293,0.0,1.1204,100802.95
1.0669,0.2622,-0.4673,5.793,29.39,-21.22,1.1939,100802.44
1.063,0.4585,-0.3154,-44.085,37.195,-45.0,1.1999,100801.68
1.2974,0.3652,-0.5786,-55.549,9.024,-37.683,1.4667,100801.98
1.2983,0.5249,-0.5928,-18.476,66.22,-2.927,1.5207,100802.2
0.7163,0.3369,-0.3169,6.646,-0.61,22.439,0.8527,100801.74
0.5171,0.0542,0.0234,25.61,-95.671,40.0,0.5205,100800.79
0.8345,0.0635,0.1064,-27.378,25.244,41.28,0.8436,100800.71
1.0547,0.0356,-0.3071,-66.707,32.805,0.549,1.0991,100800.52
0.8887,0.4487,-0.604,-68.354,2.927,59.634,1.1644,100800.86
0.8042,0.2778,-0.3979,-2.5,-4.695,71.646,0.9393,100800.24
0.9121,0.0894,-0.2891,-27.866,14.085,-7.744,0.961,100800.16
1.2383,0.2773,-0.3403,-19.939,20.183,-44.39,1.3138,100800.6
1.2944,0.376,-0.5317,-4.39,35.0,10.915,1.449,100800.19
0.9399,0.187,-0.2866,-13.78,38.354,4.207,1.0003,100800.75
0.7563,0.1934,-0.3779,-8.354,16.524,-9.39,0.8673,100800.65
0.5146,0.2646,-0.1484,34.878,-25.549,-5.854,0.5974,100799.84
0.6934,0.1753,-0.0264,84.207,-34.817,0.549,0.7157,100800.11
0.9165,0.3018,0.1157,73.049,14.695,-20.122,0.9718,100799.69
0.854,0.4727,-0.0605,-7.988,34.634,-33.232,0.978,100799.98
0.9351,0.2998,-0.4414,-42.5,9.939,-23.476,1.0766,100799.09
1.0889,0.083,-0.355,17.012,-4.573,-17.561,1.1483,100798.7
0.9814,0.2046,-0.1846,45.0,12.317,-6.098,1.0194,100797.63
0.8379,0.3984,-0.1436,6.341,-9.512,-13.78,0.9388,100798.47
0.8638,0.332,-0.2622,-19.573,-31.22,-15.244,0.9618,100798.57
1.1074,0.2539,-0.3853,-32.927,-2.256,2.195,1.1997,100798.16
1.1885,0.1362,-0.4614,-34.146,25.549,-2.256,1.2822,100797.74
1.1455,0.3496,-0.3564,-10.061,36.951,-17.134,1.2496,100798.03
0.998,0.5234,-0.1577,-32.378,35.793,10.976,1.138,100798.62
0.8911,0.311,0.0732,-32.927,14.085,34.817,0.9467,100798.95
0.811,0.0352,0.2256,-26.951,7.927,33.415,0.8426,100798.07
0.7866,-0.1133,-0.1138,-16.159,-6.098,32.134,0.8028,100798.42
0.7183,0.1616,-0.3799,-1.89,-31.951,17.317,0.8285,100798.66
0.813,0.354,-0.3706,-32.866,-30.305,21.951,0.9611,100797.87
1.0366,0.2505,-0.2959,-47.134,-10.488,36.768,1.1067,100798.27
1.1157,0.1572,-0.2275,-35.793,0.854,13.78,1.1495,100797.81
1.1104,0.1973,-0.3281,-8.171,-3.232,10.366,1.1745,100796.98
0.9258,0.2129,-0.3467,21.037,7.073,23.659,1.0112,100796.5
0.8779,0.2026,-0.186,13.72,64.39,8.78,0.92,100796.75
0.7334,0.1465,-0.2925,17.866,53.841,-24.268,0.803,100797.18
0.7715,0.3013,-0.2041,40.976,-12.561,-45.732,0.853,100797.62
0.7793,0.2319,0.1055,84.756,-50.854,-27.317,0.8199,100796.95
0.8428,0.2944,0.1089,62.134,-15.061,-7.134,0.8993,100796.71
0.9233,0.4375,0.0781,28.537,-6.28,-15.976,1.0247,100796.28
1.0269,0.2754,-0.312,-7.5,-26.402,-25.488,1.108,100795.47
1.4116,0.1094,-0.7402,-26.646,-16.646,-28.049,1.5977,100795.09
1.2534,0.2915,-0.5742,42.256,17.378,-18.78,1.4092,100795.3
1.2798,0.4834,-0.2251,47.622,24.207,-33.902,1.3864,100795.23
1.1138,0.4077,-0.1284,-14.024,-9.024,-41.159,1.193,100795.41
0.9272,0.2026,-0.0762,-36.524,-6.28,-15.305,0.9522,100795.16
0.7397,0.2651,-0.1641,-37.561,6.707,3.902,0.8028,100795.24
0.6089,0.2119,-0.2686,-31.768,-26.402,28.293,0.6984,100795.29
0.8315,0.0264,-0.1021,-12.927,-36.951,48.171,0.8382,100794.82
0.8008,0.1318,-0.0122,-20.366,-24.695,36.098,0.8117,100794.23
0.8447,0.1099,-0.2241,-25.183,-23.902,21.159,0.8808,100793.66
1.0127,0.1724,-0.4199,12.378,3.171,32.012,1.1098,100793.21
1.0938,0.3179,-0.3867,19.695,18.78,34.512,1.2029,100793.64
1.021,0.4062,-0.2109,-9.878,39.268,19.207,1.1189,100792.59
0.8037,0.3721,-0.1416,-45.976,44.451,3.537,0.8969,100791.82
0.7144,0.209,-0.1289,-49.573,35.671,-13.902,0.7554,100792.85
0.7446,0.0864,-0.4072,-3.78,49.512,-13.841,0.8531,100792.61
0.8496,0.3691,-0.062,56.22,0.061,-12.622,0.9284,100792.33
1.0967,0.3525,0.0576,19.085,35.976,3.841,1.1534,100792.22
1.0664,0.21,0.1274,-4.268,55.305,-5.488,1.0943,100792.14
1.1206,0.4053,-0.0488,36.524,32.683,-40.244,1.1926,100793.09
1.1885,0.2637,-0.3281,15.732,-3.841,-48.171,1.2608,100793.06
1.3018,0.1172,-0.4292,24.756,11.28,-24.878,1.3757,100793.27
1.0562,0.2476,-0.0537,20.366,60.915,0.183,1.0861,100793.44
0.7734,0.2676,0.0938,-8.78,15.976,-37.988,0.8238,100793.07
0.5151,0.2251,0.0674,34.634,-80.854,-14.878,0.5662,100791.91
0.8354,0.0298,0.1729,26.768,-82.134,40.915,0.8537,100792.28
0.7847,0.0869,0.0552,-17.012,-24.329,56.646,0.7914,100791.82
0.9155,0.1143,-0.1079,-48.171,-13.354,36.22,0.9289,100791.23
1.1582,0.0586,-0.1963,-37.805,-10.122,10.244,1.1762,100791.54
0.936,0.2573,-0.2246,36.829,1.707,25.305,0.9964,100790.89
1.1079,0.3901,-0.2866,24.573,39.451,24.451,1.2091,100790.77
1.1899,0.2847,-0.2051,-42.744,60.305,10.0,1.2406,100790.45
1.126,0.2583,-0.0684,-70.915,49.512,-14.085,1.1572,100789.82
0.8467,0.3042,-0.1846,-49.085,2.256,-40.305,0.9184,100789.49
0.6699,0.27,-0.3467,-35.915,-55.061,-11.707,0.8012,100789.13
0.731,0.3403,-0.0659,35.061,-72.378,43.232,0.809,100788.23
1.0752,0.2339,-0.0078,85.427,24.39,9.878,1.1004,100788.53
1.1465,0.2754,0.0703,125.061,44.39,-28.841,1.1812,100788.65
0.9902,0.4395,0.042,89.451,-17.256,-53.537,1.0842,100788.59
0.9771,0.2764,-0.1646,17.683,-57.195,-39.939,1.0286,100788.45
1.1675,0.0708,-0.4663,10.122,-43.049,-28.78,1.2592,100788.06
1.0269,0.1147,-0.396,69.634,2.927,1.524,1.1065,100788.4
0.7739,0.1367,-0.1411,106.159,47.5,-7.866,0.7985,100787.66
0.646,0.4438,-0.0566,86.646,30.915,0.732,0.7858,100786.74
0.6768,0.1792,-0.0547,60.488,-68.902,49.085,0.7022,100786.55
0.9409,-0.001,-0.1665,26.037,-41.098,46.89,0.9555,100786.4
1.0908,0.1831,-0.0996,-3.049,-14.268,-2.134,1.1106,100787.18
1.1021,0.1426,-0.2666,-5.854,-1.646,-34.329,1.1428,100787.61
0.9399,0.2246,-0.4722,58.537,-7.927,-11.768,1.0756,100788.19
0.8633,0.1567,-0.5239,59.268,-17.256,7.073,1.0219,100787.51
0.8716,0.1216,-0.5327,51.037,20.61,9.085,1.0287,100786.5
0.9414,0.1763,-0.3794,61.463,45.122,1.707,1.0302,100786.49
0.8652,0.1924,-0.373,48.598,45.0,-6.402,0.9617,100786.34
0.8882,0.1055,-0.3608,53.598,22.073,-10.549,0.9645,100786.24
0.7661,0.1382,-0.4277,42.622,-5.061,-25.061,0.8882,100787.05
0.7476,0.291,-0.2554,75.854,-45.061,-21.524,0.8419,100787.27
0.957,0.4028,-0.1294,137.622,-61.646,-29.512,1.0464,100786.83
1.0181,0.5215,-0.123,139.39,-8.963,-49.085,1.1505,100786.73
0.8364,0.6235,-0.1265,114.207,41.159,-56.463,1.0509,100786.43
0.9434,0.4409,-0.313,92.195,2.866,-61.89,1.0873,100786.3
1.0713,0.3257,-0.4556,114.146,5.976,-59.146,1.2088,100785.98
0.8931,0.3584,-0.2954,152.927,31.463,-58.232,1.0066,100786.34
0.749,0.2568,-0.2354,126.341,12.378,-59.756,0.8261,100785.88
0.7397,0.1958,-0.1133,140.305,13.72,-68.171,0.7736,100785.4
0.7842,0.2456,-0.1855,112.134,39.634,-69.573,0.8424,100785.04
0.8232,0.3345,-0.2534,100.61,31.22,-66.28,0.924,100784.78
0.7925,0.3857,-0.3423,87.256,12.195,-69.939,0.9455,100786.2
0.876,0.3828,-0.4155,114.512,19.207,-68.293,1.0424,100785.26
0.8535,0.2788,-0.4053,145.488,32.744,-63.78,0.9851,100785.07
0.7202,0.2188,-0.3306,147.378,26.524,-64.939,0.8221,100784.19
0.7676,0.2549,-0.2764,121.159,19.817,-67.5,0.8547,100784.41
0.8691,0.3086,-0.2495,92.256,21.098,-43.78,0.9555,100784.43
0.9233,0.1943,-0.2393,75.122,2.073,-21.89,0.9734,100784.84
1.1709,0.0889,-0.2847,85.976,26.22,-29.512,1.2083,100784.76
1.0669,0.2368,-0.2451,116.402,50.854,-50.488,1.12,100785.2
0.938,0.3599,-0.3291,120.61,53.476,-59.573,1.0572,100784.3
1.0127,0.3354,-0.4199,85.427,50.0,-54.695,1.1465,100784.62
0.8877,0.1768,-0.418,69.39,30.488,-43.72,0.997,100784.74
0.7573,0.126,-0.2222,123.293,45.61,-23.78,0.7992,100783.95
0.7109,0.1826,-0.1079,149.146,75.671,-8.11,0.7419,100785.34
0.8687,0.1841,-0.1006,134.451,63.902,-16.768,0.8936,100786.14
0.9385,0.0996,-0.1318,33.963,33.415,-30.183,0.9529,100786.73
0.7236,0.0156,-0.1675,7.256,-26.098,-25.671,0.7429,100786.2
0.7939,0.0522,-0.3506,24.573,-39.451,-21.951,0.8695,100787.05
0.7334,0.1265,-0.3955,44.085,-19.146,-17.195,0.8428,100786.91
0.7651,0.1152,-0.3384,53.11,-23.293,-21.159,0.8445,100786.45
0.6714,0.2529,-0.0439,96.707,-31.22,-38.049,0.7188,100786.7
0.8081,0.353,-0.084,101.463,10.793,-22.012,0.8858,100787.02
1.019,0.2207,-0.1196,89.207,54.939,-23.415,1.0495,100786.77
1.3789,0.1528,-0.4521,38.841,37.317,-5.488,1.4592,100787.2
1.561,0.3018,-0.7031,-64.878,13.171,-46.159,1.7385,100787.12
0.7456,0.1924,-0.4307,-51.341,-56.829,-25.793,0.8823,100787.57
0.6992,-0.0156,-0.3403,4.207,-11.829,31.768,0.7778,100788.02
0.6909,0.0908,-0.1431,-5.793,33.354,30.793,0.7114,100788.24
0.3589,0.1558,0.0317,-53.415,0.183,0.488,0.3925,100788.41
0.6919,0.1538,-0.1196,-74.695,-48.049,15.549,0.7188,100788.8
1.2261,0.1826,-0.3994,-99.085,2.744,-4.451,1.3024,100788.81
1.2949,0.248,-0.4648,-55.244,57.378,-33.11,1.398,100788.45
1.418,0.3784,-0.459,0.61,39.085,-8.415,1.5377,100788.43
1.0684,0.2271,-0.376,13.902,9.146,-12.378,1.1551,100789.41
0.7261,0.1665,-0.3193,42.805,-5.427,-15.915,0.8105,100789.51
0.8516,0.1919,-0.2046,27.988,-30.671,-2.927,0.8966,100789.34
0.5474,0.0752,-0.1479,-3.598,-48.415,-8.963,0.572,100789.21
0.4546,0.311,-0.0601,49.268,-39.268,3.293,0.5541,100789.73
0.7969,0.3906,-0.0981,72.805,12.744,11.89,0.8929,100789.39
1.1836,0.3662,-0.106,43.659,85.122,3.659,1.2435,100788.75
1.5581,0.5918,-0.4854,-114.329,115.671,-28.537,1.7359,100789.39
0.9668,0.3813,-0.665,-90.732,-44.939,-38.171,1.2339,100789.98
1.0171,0.3052,-0.7134,56.159,-42.622,-13.598,1.2793,100790.05
0.9497,0.3086,0.0664,-6.341,126.402,31.524,1.0008,100789.62
0.5293,0.1567,0.3423,-122.317,-9.024,15.427,0.6495,100789.78
0.7622,-0.0337,-0.1597,23.11,-81.524,-30.61,0.7795,100790.55
1.2817,0.2368,-0.4648,-26.951,-3.841,12.134,1.3838,100790.46
1.5093,0.3027,-0.5796,-37.866,25.427,-27.134,1.6448,100790.79
1.3408,0.4531,-0.4146,-0.549,23.049,-43.72,1.4748,100791.02
0.8281,0.2554,-0.2124,29.451,-6.22,-27.012,0.8923,100790.95
0.7178,0.2739,-0.3071,66.951,-38.72,-9.207,0.8274,100791.52
0.7573,0.3726,-0.3335,44.512,-35.061,15.122,0.9075,100791.57
0.584,0.168,-0.1514,26.951,-42.622,4.024,0.6262,100791.35
0.7783,0.3335,-0.2739,59.024,-47.561,-7.805,0.89,100791.3
1.0034,0.4165,-0.2988,37.622,-22.5,10.732,1.1268,100792.03
0.8433,0.2241,-0.3086,5.305,-6.22,19.024,0.9255,100791.81
1.0132,0.272,-0.3667,8.415,15.61,16.707,1.1113,100792.27
0.9849,0.5005,-0.3218,22.561,44.878,7.012,1.1506,100792.37
0.6372,0.251,-0.3672,10.793,36.829,21.463,0.7771,100793.31
0.9546,0.0913,-0.4043,5.366,56.098,17.256,1.0407,100793.53
0.5713,0.1704,-0.2939,-122.866,4.634,36.402,0.6647,100793.7
0.5483,0.0591,-0.1646,-66.89,-75.854,22.195,0.5755,100793.7
0.9678,-0.167,-0.373,-8.11,-4.39,36.22,1.0505,100793.57
1.3882,0.1387,-0.4365,19.146,46.159,-6.341,1.4618,100793.47
1.9966,0.6577,-0.8882,-145.549,74.695,-30.244,2.2821,100793.27
1.25,0.2642,-0.3418,-63.78,-4.39,4.329,1.3225,100793.74
0.3125,0.0815,-0.1851,59.268,-90.854,0.305,0.3722,100794.47
0.3462,0.1855,-0.4048,55.122,-49.146,29.756,0.564,100794.13
0.6196,0.0444,-0.2051,22.073,13.293,20.244,0.6542,100794.64
0.7529,-0.0024,-0.1826,-29.39,40.549,-38.11,0.7748,100794.03
0.6138,0.1968,-0.084,55.915,28.476,-52.988,0.65,100794.42
0.6655,0.6196,-0.146,110.061,11.22,-9.329,0.921,100794.35
1.3276,0.231,-0.3989,43.78,38.293,11.768,1.4054,100795.04
1.583,0.0713,-0.6587,-21.402,69.451,-14.024,1.7161,100795.45
1.1992,0.4272,-0.3652,-16.22,56.402,-41.951,1.3244,100794.99
0.582,0.4434,0.0083,39.695,-5.793,-28.293,0.7317,100795.51
0.5952,-0.04,-0.3335,-19.085,-38.11,15.122,0.6834,100795.41
0.5894,0.1177,-0.0879,5.671,-34.146,34.695,0.6074,100796.08
0.501,-0.02,0.0264,23.354,-35.305,30.854,0.5021,100796.72
1.1865,0.0654,-0.3018,-2.744,-0.488,15.183,1.226,100796.94
1.2754,0.354,-0.1406,-62.134,23.293,-36.037,1.3311,100797.86
1.5376,0.2427,-0.3511,-65.915,72.744,-34.268,1.5957,100798.16
1.48,0.1685,-0.5132,-35.244,69.024,20.854,1.5755,100799.27
0.9897,0.1738,-0.3916,52.073,-4.512,19.268,1.0785,100799.95
0.4883,0.2231,-0.127,53.354,-19.817,3.963,0.5517,100800.72
0.2915,0.0962,0.1562,28.232,-36.829,17.195,0.3444,100800.93
0.5571,0.2554,-0.0654,13.902,-37.256,22.256,0.6164,100799.97
1.2212,0.1768,-0.1548,-27.256,20.427,16.402,1.2436,100799.99
1.3521,0.3066,-0.1963,-50.427,70.427,-15.488,1.4002,100798.77
1.4478,0.7817,-0.5317,-155.61,102.195,-70.305,1.7291,100798.22
1.0713,0.542,-0.4946,53.963,16.22,-79.634,1.2985,100799.19
0.7974,0.0728,-0.313,141.159,-14.939,26.28,0.8597,100799.77
0.5244,0.2319,0.2412,7.866,12.317,47.195,0.6221,100799.11
0.3237,0.1206,0.1372,-41.768,-50.488,39.451,0.3717,100798.23
0.8862,0.1206,-0.0449,52.378,-71.768,-5.183,0.8955,100798.68
1.1665,0.2671,-0.1714,16.768,-14.085,-6.585,1.2089,100799.52
1.3994,0.3237,-0.3853,-49.817,26.707,-61.22,1.4871,100800.52
1.582,0.2583,-0.5254,-21.829,31.402,-57.744,1.6869,100800.14
0.9702,0.1899,-0.3623,57.256,26.341,11.159,1.0529,100800.36
0.6201,0.2261,-0.0762,127.134,-6.22,11.28,0.6644,100801.52
0.6504,0.2295,0.0112,95.61,-18.354,11.768,0.6898,100800.4
0.4854,0.2427,-0.0757,82.195,-39.146,24.939,0.5479,100800.81
0.6709,0.2378,-0.1421,118.11,-36.22,35.122,0.7258,100801.36
1.1396,0.1235,-0.2529,34.756,27.805,-12.5,1.1739,100802.15
1.041,0.3335,-0.2896,21.89,39.085,-49.512,1.1308,100801.98
1.2285,0.6011,-0.4653,-3.537,66.098,4.451,1.4447,100802.49
1.1562,0.5327,-0.5107,54.085,58.841,-14.756,1.3717,100801.74
0.8413,0.1553,-0.3301,116.951,-14.207,-31.28,0.917,100802.09
0.6631,0.0713,-0.1235,99.085,-1.89,87.622,0.6783,100803.06
0.5938,0.2622,-0.1675,8.171,-105.427,88.232,0.6703,100802.3
1.3267,0.1323,-0.208,143.049,-51.22,-206.037,1.3494,100802.5
1.4316,0.4419,-0.3101,126.707,34.512,-35.0,1.53,100802.88
1.6973,0.5195,-0.3403,168.476,98.293,45.366,1.8073,100804.27
1.3223,0.3862,-0.4038,29.146,41.341,-12.988,1.4355,100803.71
1.0859,0.2788,-0.3018,69.451,-55.549,-114.939,1.1611,100805.62
0.8662,0.2231,-0.3604,109.939,43.537,-75.427,0.9643,100805.73
0.6021,0.3149,-0.2861,96.585,45.244,-26.707,0.7372,100804.66
0.5615,0.2749,-0.0654,142.378,6.28,-11.037,0.6286,100804.12
0.7007,0.1548,-0.0093,153.537,28.171,-45.549,0.7176,100805.09
0.8511,0.2046,-0.1025,116.585,40.488,-33.537,0.8813,100804.09
0.8892,0.3672,-0.1499,97.195,25.244,-18.537,0.9736,100803.69
1.2148,0.5132,-0.2827,82.195,14.39,-98.415,1.3488,100803.9
1.4014,0.5449,-0.2979,119.756,50.976,-87.317,1.5328,100803.91
1.1816,0.416,-0.2153,165.61,91.402,31.037,1.2711,100803.7
0.8989,0.396,-0.2295,121.463,29.817,-21.89,1.0087,100803.77
0.8027,0.291,-0.146,115.549,-1.768,-112.622,0.8662,100803.33
0.6299,0.1274,-0.0991,123.476,4.39,-13.598,0.6502,100804.24
0.7749,0.2285,0.0264,135.183,0.244,25.122,0.8083,100802.95
1.0552,0.1587,0.0063,119.634,27.012,-28.476,1.0671,100803.84
1.1426,0.2007,-0.0293,92.378,25.061,-47.866,1.1604,100803.12
1.0469,0.4575,-0.0977,101.28,32.134,-68.902,1.1467,100803.46
1.0547,0.3809,-0.0562,131.829,65.793,-46.707,1.1228,100803.1
1.125,0.1309,-0.0859,108.415,71.951,-16.646,1.1358,100803.34
0.8496,0.147,-0.104,122.683,51.524,-34.329,0.8685,100803.77
0.8496,0.147,-0.104,122.683,51.524,-34.329,0.8685,100803.7
0.8657,0.228,-0.0869,125.061,52.134,-35.915,0.8995,100804.28
0.9961,0.2578,-0.1543,88.476,39.756,23.415,1.0404,100804.21
1.1621,0.0151,-0.3516,52.073,9.207,28.232,1.2142,100804.15
1.1685,-0.0791,-0.5317,63.476,47.134,-4.146,1.2862,100804.24
1.2046,0.3896,-0.3618,40.61,75.732,-95.061,1.3167,100803.95
1.0107,0.5645,-0.0708,26.829,-21.463,-40.61,1.1598,100804.21
0.8027,0.3608,0.2026,65.244,-38.476,-18.415,0.9031,100803.55
1.1494,0.3452,0.3896,117.5,48.232,-12.439,1.2618,100803.68
0.9961,0.4053,0.2773,80.488,22.5,-21.829,1.1106,100804.15
0.9888,0.2686,-0.0625,36.951,-12.378,-44.634,1.0265,100803.98
1.1182,0.1035,-0.4155,25.366,-49.085,-34.756,1.1974,100803.0
1.0068,0.0742,-0.3345,101.159,12.561,-36.646,1.0635,100803.65
1.1626,0.314,-0.1406,53.537,81.829,-35.183,1.2124,100803.5
1.0547,0.4243,0.0674,-44.634,68.11,7.012,1.1388,100802.76
1.0479,0.2764,-0.0347,-67.012,12.195,12.622,1.0842,100802.33
0.7319,-0.0005,-0.1689,-62.683,-79.695,62.683,0.7512,100802.25
0.7734,0.0381,0.0933,-12.622,-104.817,83.293,0.78,100802.58
0.9771,0.1743,0.293,-44.085,-32.683,76.28,1.0348,100801.94
0.9858,-0.0361,-0.0469,-81.524,-22.073,3.963,0.9876,100802.2
1.0127,0.1694,-0.1411,-29.756,-40.915,-81.098,1.0364,100802.16
1.1367,0.5024,-0.334,28.049,27.012,12.134,1.2869,100801.76
0.9639,0.3511,-0.3853,17.805,40.183,63.293,1.0958,100801.58
0.9038,0.1543,-0.4346,-76.037,91.829,-37.012,1.0147,100801.07
0.8198,0.1313,-0.3276,-53.598,5.427,-59.085,0.8926,100800.95
0.5454,0.1445,-0.0005,79.634,-144.207,22.744,0.5642,100800.6
0.7202,0.3652,-0.0098,89.634,-80.854,43.354,0.8076,100799.34
1.248,0.3125,-0.104,44.329,32.195,-9.878,1.2908,100799.66
1.165,0.2622,-0.0112,9.451,50.61,-30.854,1.1942,100800.13
1.0518,0.3833,-0.0239,-18.78,-2.195,-72.744,1.1197,100799.74
1.2759,0.3354,-0.3955,-7.988,27.378,-45.793,1.3773,100799.22
1.4106,0.2222,-0.54,67.561,57.561,22.256,1.5267,100799.93
1.0444,0.1714,-0.1519,97.195,71.646,42.439,1.0692,100799.46
0.6548,0.2041,-0.1167,-28.293,-9.451,16.037,0.6957,100798.62
0.2783,0.1016,0.063,-4.329,-137.195,25.427,0.3029,100798.36
0.8682,-0.1074,-0.0068,-37.683,13.476,-8.049,0.8748,100798.21
0.811,-0.0151,0.2158,-70.0,28.11,-28.415,0.8394,100797.94
1.3364,0.2061,-0.2617,-11.646,67.744,-10.61,1.3773,100797.37
1.2881,0.4053,-0.4941,-5.183,62.073,21.098,1.4379,100796.55
1.2275,0.2441,-0.3501,-5.305,7.744,8.902,1.2996,100796.69
1.127,0.2559,-0.1333,-48.72,2.073,2.988,1.1633,100797.04
1.001,0.2988,-0.0215,-62.012,14.512,-29.512,1.0449,100796.31
0.9019,0.0918,-0.3423,-54.085,-4.939,-23.841,0.969,100796.26
0.6206,0.1104,-0.2188,7.317,-59.024,12.622,0.6672,100796.47
0.8008,0.3062,0.0513,98.78,-44.146,42.927,0.8588,100795.88
0.9644,0.1626,-0.0542,52.866,11.524,-1.707,0.9795,100794.92
0.9199,0.2886,-0.0029,15.976,18.598,-51.585,0.9641,100794.98
0.9512,0.3716,-0.0762,-17.927,-27.378,-53.72,1.024,100794.89
1.2773,0.3115,-0.4004,-14.817,-29.756,-35.732,1.3744,100794.94
1.1528,0.2466,-0.3691,31.524,-29.939,-20.732,1.2353,100796.22
0.9087,0.1152,-0.0688,65.305,-6.22,13.293,0.9186,100796.34
0.7568,0.0796,0.2051,37.256,33.659,14.695,0.7882,100796.28
0.7461,0.0781,-0.0039,-31.585,52.561,6.22,0.7502,100795.74
0.8823,0.1392,-0.3428,-71.89,33.415,8.049,0.9567,100795.84
0.9121,0.2061,-0.1465,-52.317,-38.598,52.5,0.9465,100794.53
0.9712,0.0854,-0.0508,-64.329,-38.354,17.073,0.9763,100794.8
1.2061,0.0479,-0.2559,-66.037,-10.854,12.5,1.2338,100795.12
1.084,0.2056,-0.3516,-30.061,-1.951,11.341,1.158,100794.62
1.1431,0.3945,-0.3364,-28.171,13.11,10.366,1.2552,100793.27
1.3271,0.3276,-0.5161,-44.878,28.171,21.768,1.4612,100792.85
1.2207,0.2646,-0.3667,-0.61,61.646,-54.817,1.3018,100792.68
0.4165,0.1108,0.02,60.183,-54.573,13.415,0.4315,100792.93
0.3301,0.0449,-0.188,-108.476,-71.768,62.561,0.3825,100793.36
0.5884,0.3721,-0.1802,6.951,-56.951,65.549,0.7191,100792.81
0.8203,0.2559,0.1938,226.159,-85.976,-13.902,0.8809,100792.9
1.2227,0.2173,0.0435,68.476,66.951,-117.378,1.2426,100792.72
1.1162,0.4282,-0.0723,51.28,76.098,-86.098,1.1977,100792.08
1.2056,0.1934,-0.375,8.476,40.549,-46.524,1.2773,100792.73
1.2871,0.0537,-0.6226,-23.598,23.72,21.463,1.4308,100791.81
1.1201,0.1343,-0.2759,115.427,16.463,-105.976,1.1614,100791.66
1.0532,0.4375,-0.0811,47.988,64.634,-34.085,1.1434,100792.64
1.0542,0.3618,0.0122,-56.89,48.049,47.988,1.1146,100792.27
0.8853,0.0293,-0.0366,-63.11,-34.146,0.0,0.8865,100791.86
0.6753,0.0083,0.0215,-5.427,-71.402,50.305,0.6757,100791.94
0.8813,0.1016,0.1631,1.585,-3.902,44.634,0.902,100791.87
0.7036,0.0947,0.1953,-43.11,-17.683,29.756,0.7363,100790.56
0.8169,0.04,-0.1455,-70.671,6.829,18.049,0.8307,100790.84
1.209,0.3062,-0.4331,-46.463,36.159,-10.549,1.3202,100791.05
1.084,0.355,-0.4805,-10.488,6.89,42.073,1.2377,100791.81
1.0044,0.1689,-0.2876,33.537,-7.134,-19.024,1.0583,100790.91
1.0171,0.2358,0.0195,-25.061,10.549,-57.439,1.0443,100791.73
0.9746,0.3418,0.0132,-80.854,71.951,-26.037,1.0329,100791.45
0.7856,0.1748,-0.3335,-85.427,1.707,3.476,0.8712,100791.13
0.687,0.3896,-0.1021,-11.159,-77.683,66.768,0.7964,100791.02
1.0601,0.2935,-0.0322,80.427,-2.561,37.256,1.1004,100790.07
1.1221,0.2798,0.0879,73.232,32.744,-21.159,1.1598,100790.22
0.8994,0.3657,0.041,63.78,28.476,-24.573,0.9718,100790.2
1.106,0.2622,-0.1963,7.5,-10.183,-31.707,1.1534,100790.19
1.4448,0.1694,-0.4912,11.951,7.195,-32.805,1.5354,100789.56
1.1846,0.0942,-0.3745,84.817,27.256,-25.183,1.2459,100789.59
0.7954,0.228,0.043,93.902,15.366,-6.098,0.8286,100788.48
0.6836,0.2637,0.0889,-10.244,-10.305,-5.183,0.7381,100788.54
0.6924,0.0869,-0.1064,-56.402,-52.5,47.5,0.7059,100788.45
0.7827,0.0137,0.1157,-6.159,-49.512,24.207,0.7913,100788.51
0.9565,0.1646,0.1465,8.476,-16.28,12.195,0.9816,100788.56
0.8965,0.1157,0.0264,-23.598,13.659,2.195,0.9043,100788.21
0.873,0.1479,-0.2202,-6.707,3.598,-20.732,0.9125,100787.71
1.0957,0.3496,-0.459,12.317,33.11,26.22,1.2383,100787.83
1.1128,0.2183,-0.3066,8.171,2.805,10.854,1.1747,100787.17
1.2744,0.2476,-0.1104,12.622,39.817,-32.866,1.3029,100786.31
1.1533,0.3052,0.105,22.744,31.768,-3.659,1.1976,100787.14
1.0039,0.2939,-0.0522,46.524,23.171,1.768,1.0474,100786.3
0.71,0.1157,-0.271,29.512,-10.854,-10.732,0.7687,100786.39
0.7017,0.2676,-0.2021,80.0,-56.037,-4.207,0.7777,100786.46
0.8535,0.4946,-0.0791,140.244,-47.988,3.537,0.9896,100787.16
0.9268,0.3828,0.0205,83.232,12.683,-30.427,1.0029,100787.17
0.7783,0.3188,0.02,90.366,18.963,-54.878,0.8413,100786.8
0.9062,0.3208,-0.2295,114.512,17.378,-43.171,0.9884,100787.76
0.9707,0.2212,-0.3208,99.878,28.171,-25.183,1.046,100787.25
0.9658,0.1362,-0.4077,108.049,28.232,-14.207,1.0572,100787.24
0.96,0.2119,-0.3755,109.207,20.854,-12.317,1.0523,100787.72
0.999,0.2954,-0.2598,83.476,25.366,-30.366,1.0737,100787.34
1.0713,0.3672,-0.1846,38.232,41.22,-22.317,1.1474,100786.31
0.9058,0.3345,-0.209,43.293,-0.732,23.963,0.9879,100786.04
0.75,0.3042,-0.0923,96.037,-39.024,24.39,0.8146,100785.95
0.9985,0.3916,-0.0293,125.732,-10.122,25.366,1.073,100786.0
0.9087,0.2173,-0.0396,136.585,36.463,-36.28,0.9351,100785.54
0.792,0.3257,-0.0098,137.073,22.622,-86.829,0.8564,100785.32
0.8569,0.4355,-0.1587,155.183,42.988,-59.573,0.9743,100785.15
1.106,0.2383,-0.3081,96.341,-22.378,-54.451,1.1725,100785.8
0.9673,0.186,-0.2417,141.037,10.732,-104.756,1.0142,100786.13
0.7598,0.1895,-0.1357,164.634,27.561,-59.39,0.7947,100785.66
0.6514,0.2812,-0.0952,134.268,5.61,7.561,0.7159,100785.28
0.7197,0.248,-0.1113,103.476,22.378,3.78,0.7694,100785.27
0.8213,0.1416,-0.2979,101.768,32.561,-43.415,0.885,100785.36
0.6895,0.1636,-0.3452,143.049,-0.549,-22.012,0.7882,100785.08
1.002,0.4238,-0.3447,200.488,-3.11,-10.061,1.1412,100784.37
1.2495,0.6128,-0.3394,201.402,69.146,-115.793,1.4325,100784.82
0.9663,0.4692,-0.1123,132.378,59.329,-107.5,1.0801,100785.04
0.9961,0.2085,-0.1812,102.195,49.817,-42.561,1.0337,100785.83
0.9272,0.1055,-0.2935,108.049,34.695,-92.744,0.9783,100786.17
0.8013,0.2168,-0.2842,121.89,38.049,-120.0,0.8774,100786.41
0.7842,0.3237,-0.2085,115.061,0.61,-27.988,0.8736,100785.63
0.8643,0.3887,-0.1621,90.549,-12.012,-2.5,0.9614,100785.27
0.9321,0.1704,-0.1807,12.927,11.463,-22.561,0.9646,100785.31
1.0664,0.0679,-0.4028,27.988,31.159,-22.439,1.142,100785.4
1.0537,0.1963,-0.417,57.988,53.171,-20.366,1.1501,100786.07
0.7637,0.2412,-0.2388,33.354,13.78,15.122,0.8357,100785.97
0.5815,0.0884,-0.2812,-1.159,18.171,2.317,0.652,100786.87
0.7368,0.1182,-0.2397,4.268,14.268,0.305,0.7838,100786.68
0.8335,0.0352,-0.3066,10.061,22.988,-7.805,0.8888,100786.55
1.0186,0.1084,-0.4507,3.902,-20.915,-0.854,1.1191,100786.42
0.9722,0.228,-0.2485,37.683,-35.305,5.915,1.029,100786.72
0.7397,0.2295,-0.0405,113.293,-20.061,0.244,0.7756,100786.56
0.8091,0.3599,-0.064,65.793,-14.451,33.72,0.8878,100787.04
0.9463,0.2437,-0.249,16.829,6.707,-12.683,1.0084,100786.92
1.5737,0.4028,-0.6172,20.244,74.695,-77.622,1.7378,100786.83
1.2817,0.3813,-0.4634,27.256,58.232,-33.841,1.4153,100787.25
0.3506,0.1255,-0.0317,43.171,-87.195,71.463,0.3737,100787.45
0.644,0.1113,-0.189,-18.841,-40.793,36.89,0.6804,100788.09
0.853,0.1411,-0.3223,-107.561,26.28,18.78,0.9227,100787.8
0.6362,0.2344,-0.2378,-106.341,12.5,-22.195,0.7185,100787.26
0.6509,0.0474,-0.0063,35.732,-45.549,33.049,0.6526,100787.7
0.8267,-0.0942,-0.1064,-5.0,-66.341,67.988,0.8388,100787.77
1.4556,0.0796,-0.4297,-50.0,40.61,-30.671,1.5197,100787.2
1.4175,0.3716,-0.5571,-112.5,90.305,-154.268,1.5677,100788.39
0.9048,0.6875,-0.4478,-107.744,20.366,-46.585,1.2214,100789.27
0.978,0.1138,-0.3936,97.378,-18.841,5.671,1.0604,100789.34
0.6816,0.0576,-0.1611,119.451,-53.354,31.22,0.7028,100789.49
0.7876,0.0518,-0.0566,80.427,-22.134,56.341,0.7913,100789.36
0.6577,0.1372,-0.0815,1.463,10.488,74.756,0.6768,100789.75
0.7207,0.353,-0.166,-19.695,-6.159,1.28,0.8195,100789.92
0.9058,0.2568,-0.0723,6.28,-38.963,-54.939,0.9442,100790.55
1.0317,0.1987,-0.3555,-2.439,28.11,-10.061,1.1092,100790.41
1.5522,0.3472,-0.7617,-45.793,98.963,42.256,1.7636,100790.79
1.1221,0.4634,-0.311,34.939,88.78,-20.305,1.2532,100791.31
0.5156,-0.0225,-0.0947,12.866,-95.549,-55.0,0.5247,100791.73
0.7627,-0.0459,-0.2358,-28.415,-114.268,-44.573,0.7996,100792.16
0.4971,0.2344,-0.0254,-27.5,-37.195,74.268,0.5501,100791.98
0.6353,0.0303,-0.1196,-14.878,-14.634,80.427,0.6471,100791.61
0.9043,-0.0864,-0.2773,-49.329,2.317,26.524,0.9498,100792.18
1.272,0.1611,-0.3091,-56.646,49.939,-21.463,1.3189,100792.11
1.5713,0.3706,-0.5669,-83.232,74.512,-32.134,1.711,100792.29
1.4858,0.3872,-0.6538,-114.939,33.476,54.146,1.6689,100791.7
0.8511,0.1211,-0.3809,53.293,-51.585,22.012,0.9402,100791.76
0.6943,0.0566,-0.3838,35.915,-72.378,-32.866,0.7954,100792.16
0.5068,-0.001,-0.0229,53.902,-57.683,27.866,0.5074,100792.59
0.5923,0.0806,-0.0059,80.122,-16.098,19.756,0.5978,100792.17
0.979,0.3159,-0.2778,57.805,28.841,14.634,1.0656,100792.72
0.8042,0.2544,-0.1636,60.549,33.78,-19.878,0.8592,100793.52
1.4185,0.3428,-0.3423,3.476,50.854,-30.976,1.4989,100794.23
0.9058,0.2852,-0.6807,-59.268,-60.488,-71.646,1.1683,100794.93
0.7759,0.0361,-0.2773,135.61,-80.732,-11.646,0.8248,100795.3
0.7129,0.1274,-0.1807,42.073,2.561,9.39,0.7464,100795.19
0.5747,0.3213,-0.0439,-2.073,-39.939,9.329,0.6599,100795.1
0.6733,0.1738,-0.0728,9.939,-45.305,28.841,0.6992,100795.66
0.772,-0.0596,-0.2681,-36.951,-33.293,22.012,0.8194,100796.45
0.9355,0.2222,-0.271,-15.183,14.146,2.561,0.999,100797.28
1.0405,0.1616,-0.4219,-26.646,42.744,-16.951,1.1344,100796.42
1.1396,0.1045,-0.5024,-1.159,48.72,-32.866,1.2499,100796.64
1.1768,0.1235,-0.4775,24.268,78.232,-2.012,1.276,100796.44
0.9277,0.0898,-0.1519,63.415,60.549,-42.5,0.9444,100796.9
0.7021,0.167,-0.1592,-15.244,6.951,1.463,0.7391,100796.85
0.5522,0.1113,0.022,7.317,-48.78,31.037,0.5638,100796.59
0.6484,0.2192,-0.0752,18.415,-19.695,31.159,0.6886,100797.38
1.0518,0.2393,-0.3813,-36.341,51.768,58.171,1.1441,100798.47
1.4199,0.4829,-0.2441,-69.207,42.805,-63.171,1.5195,100798.43
1.5752,0.7876,-0.6499,-61.28,53.598,-85.549,1.8772,100799.23
0.9834,0.3584,-0.6631,-2.073,-99.39,-34.573,1.239,100799.61
0.8384,0.1182,-0.3765,42.866,-62.439,6.524,0.9266,100800.52
0.6323,0.2539,-0.0732,0.732,0.0,4.146,0.6853,100800.34
0.4341,0.1792,0.0229,4.39,-108.354,13.049,0.4702,100800.7
0.793,0.0142,-0.1157,37.988,-99.024,10.427,0.8015,100800.85
0.8706,0.1333,-0.2319,-2.317,-1.585,8.354,0.9108,100801.56
0.8926,0.3149,-0.2266,-12.134,60.915,22.073,0.9732,100801.73
1.5034,0.2842,-0.5625,-18.841,106.951,-11.707,1.6302,100802.61
1.3721,0.2656,-0.6089,-34.512,117.317,41.951,1.5244,100802.15
0.8433,0.2173,-0.5439,-37.317,15.671,2.378,1.0267,100802.4
0.6089,0.1309,-0.1426,82.561,-57.988,-100.549,0.6389,100801.85
0.3916,0.0659,0.0869,76.585,-54.146,17.256,0.4065,100801.92
0.6782,0.1689,-0.1865,57.866,-0.061,33.537,0.7234,100801.49
1.2642,0.3423,-0.4873,8.415,43.354,32.561,1.3974,100800.79
1.084,0.312,-0.0059,37.744,-16.951,-53.72,1.128,100801.25
0.9854,0.2749,-0.2612,-1.22,61.402,-0.915,1.0558,100802.1
1.0278,0.3936,-0.3999,-17.866,57.317,16.768,1.171,100802.5
1.0337,0.2661,-0.3794,6.829,8.78,-14.695,1.1328,100802.04
0.8115,0.2217,-0.4941,-70.244,25.976,38.659,0.9756,100803.7
0.3965,0.1226,-0.1392,63.72,-68.902,32.927,0.4377,100803.2
0.8364,-0.0215,-0.2681,68.72,-145.0,-18.537,0.8786,100803.3
1.2334,0.1855,-0.2881,-1.098,-51.585,-44.207,1.2801,100803.03
1.1279,0.2886,-0.2925,-3.902,27.439,-8.293,1.2004,100803.43
1.1587,0.3477,-0.4541,-33.11,70.488,23.963,1.2921,100804.23
1.0522,0.1299,-0.2163,60.244,36.22,-20.0,1.0821,100805.05
0.8037,0.042,-0.229,72.744,52.866,-38.902,0.8368,100804.81
0.7725,-0.0259,-0.4121,2.073,15.915,47.134,0.8759,100804.88
0.415,0.061,-0.272,15.488,-48.049,46.89,0.5,100805.07
0.9346,0.1978,-0.1685,150.915,-28.11,-27.988,0.97,100805.45
1.2344,0.4487,-0.395,43.11,44.39,16.829,1.3715,100805.99
1.4097,0.7471,-0.4438,12.195,55.183,-15.183,1.656,100806.25
1.166,0.2803,-0.5552,0.854,19.024,-12.744,1.3215,100805.09
0.8628,-0.1367,-0.4805,111.951,-59.39,-23.902,0.997,100805.36
0.7754,0.0635,-0.3765,102.805,2.866,22.073,0.8643,100805.41
0.8481,0.3193,-0.4287,-25.366,18.72,-13.11,1.0026,100805.69
0.6885,0.2935,-0.2832,49.207,-85.549,-37.683,0.8002,100805.66
0.7568,0.1489,-0.0615,107.012,-34.451,19.024,0.7738,100805.13
0.8726,-0.0991,-0.2476,45.244,-0.915,7.5,0.9124,100805.11
1.1748,-0.0054,-0.3638,72.561,-24.451,-77.866,1.2298,100804.86
1.3696,0.3286,-0.4287,73.476,26.402,-39.756,1.4723,100804.79
1.3042,0.4131,-0.646,55.549,51.037,-55.61,1.5129,100805.09
1.3325,0.3843,-0.5479,140.854,29.939,-71.037,1.4911,100805.23
1.021,0.2417,-0.3804,140.854,-17.378,-86.524,1.116,100805.81
0.7251,0.1787,-0.166,132.317,-37.012,-88.415,0.765,100806.63
0.6533,0.1973,-0.1758,105.244,-7.866,-22.195,0.7047,100806.38
0.7705,0.0967,-0.3262,103.537,-0.61,-14.451,0.8423,100806.82
0.8311,0.0518,-0.3394,119.024,-6.159,-66.037,0.8992,100806.77
0.8887,0.2544,-0.3643,139.878,51.585,-84.024,0.9935,100807.38
0.856,0.4712,-0.2573,145.244,59.939,-95.854,1.0104,100807.32
1.085,0.4224,-0.4214,83.78,65.122,-34.878,1.2382,100806.91
1.2656,0.2056,-0.5454,83.537,69.878,-98.598,1.3934,100806.34
0.9243,0.1514,-0.438,119.634,24.634,-62.866,1.034,100806.8
0.6431,0.2773,-0.2998,145.854,-34.024,-1.037,0.7618,100806.38
0.771,0.2651,-0.2861,145.61,-30.305,-67.5,0.8641,100806.7
1.1021,0.2695,-0.4575,83.72,16.829,-55.488,1.2233,100805.83
1.2109,0.3921,-0.3945,74.39,48.171,-95.671,1.3326,100806.27
1.1206,0.3262,-0.082,169.817,60.305,-94.146,1.17,100807.01
0.8975,0.0996,-0.1543,118.537,7.622,-23.293,0.9161,100807.53
0.8276,-0.0703,-0.2437,106.89,-11.22,-53.537,0.8656,100807.57
0.8394,0.0146,-0.3667,147.073,24.695,-61.585,0.9161,100807.23
0.915,0.0566,-0.3882,123.232,31.463,-51.951,0.9956,100806.7
0.873,0.0117,-0.4531,98.841,35.427,-34.329,0.9837,100807.05
0.8521,0.1499,-0.3975,82.195,10.061,-34.634,0.9521,100806.7
0.8916,0.1514,-0.5161,58.415,-9.146,-6.341,1.0413,100807.19
0.9971,0.2324,-0.7056,34.573,-14.024,0.549,1.2434,100807.17
1.2236,0.2686,-0.5679,16.463,11.585,-50.244,1.3755,100806.93
1.1147,0.189,-0.3599,-8.902,7.866,-51.951,1.1865,100805.98
0.8813,0.1665,-0.3257,30.427,-4.146,-46.524,0.9542,100806.15
0.7988,0.1348,-0.2681,95.122,25.366,-47.256,0.8533,100807.04
0.917,0.2695,-0.1631,122.012,59.573,-55.732,0.9696,100807.57
0.894,0.3125,-0.2441,109.268,41.159,-60.61,0.978,100808.45
0.9336,0.2842,-0.3276,88.293,-14.085,-57.622,1.0294,100808.01
0.8872,0.2563,-0.3525,66.89,-43.902,-10.183,0.9885,100806.79
0.8862,0.1128,-0.5723,14.573,-41.585,15.061,1.0609,100805.77
0.9585,0.2529,-0.5469,-2.744,-51.951,-1.22,1.1321,100805.99
0.8516,0.1812,-0.4282,-23.902,-0.671,0.366,0.9702,100805.05
0.8184,-0.0303,-0.2559,-38.659,86.22,-8.293,0.858,100805.48
1.0098,0.0532,-0.0601,-46.037,105.366,-30.0,1.0129,100805.02
0.9849,0.1997,-0.0737,-103.476,65.305,-5.061,1.0076,100805.2
0.9375,0.2788,-0.2236,-99.695,25.244,15.976,1.0033,100806.19
0.854,0.251,-0.2158,-59.024,-24.085,37.439,0.9159,100805.83
0.6963,0.1167,-0.1699,-39.817,-13.598,32.805,0.7262,100805.55
0.9189,0.0864,-0.29,-50.244,16.524,24.329,0.9675,100805.84
1.1489,0.1675,-0.3672,-35.183,-1.22,-0.793,1.2177,100805.2
1.208,0.3174,-0.4775,2.866,5.732,3.11,1.3372,100804.97
1.1206,0.3755,-0.5059,-20.183,12.012,33.841,1.2856,100805.52
0.999,0.3442,-0.25,-22.195,29.268,-16.829,1.0858,100806.07
0.8267,0.3809,-0.0249,-38.293,24.146,7.683,0.9105,100805.72
0.7861,0.2207,-0.228,-28.72,-20.915,63.049,0.8478,100805.22
1.0854,0.3525,-0.1567,41.22,-92.683,37.439,1.152,100804.97
1.0005,0.2515,-0.1377,47.927,-5.549,-39.695,1.0408,100804.4
1.0146,0.1543,-0.0815,68.354,42.134,-145.488,1.0295,100803.62
0.9834,0.3579,-0.1631,43.293,-9.207,-39.634,1.0591,100803.77
1.0249,0.3086,-0.3486,44.695,6.829,-32.012,1.1257,100803.0
0.9648,0.2827,-0.2383,58.78,17.012,-15.854,1.0333,100802.92
0.8242,-0.0435,-0.187,11.28,6.402,-6.402,0.8463,100802.73
0.8027,0.0942,-0.2656,-4.634,1.646,-52.561,0.8508,100802.48
0.3672,0.1445,-0.0649,-56.463,-120.427,67.988,0.3999,100803.38
0.8652,-0.0122,-0.2998,-24.695,-97.134,72.195,0.9158,100803.09
1.0513,0.1108,-0.1318,-25.61,3.354,31.341,1.0653,100802.37
0.9604,0.146,-0.1509,-77.744,-8.902,47.561,0.9831,100802.34
1.0586,0.1904,-0.3789,-57.073,7.622,41.951,1.1404,100802.44
1.1021,0.1699,-0.5254,-20.976,19.268,32.317,1.2326,100801.87
1.2275,0.2798,-0.6323,-16.829,25.976,6.22,1.4089,100801.96
1.0801,0.2969,-0.4395,-41.22,32.073,-9.817,1.2033,100801.39
0.9634,0.2617,-0.3862,-21.463,33.537,-17.622,1.0704,100801.46
0.7324,0.313,-0.0874,0.122,8.598,-21.585,0.8013,100801.28
0.5098,0.293,-0.1016,2.378,-44.085,105.061,0.5967,100801.75
0.8677,0.2085,-0.3315,47.439,-35.366,51.28,0.952,100801.76
0.9258,0.0913,-0.1997,49.024,7.927,-83.72,0.9515,100802.25
0.9575,0.3223,-0.0732,71.402,7.744,-74.39,1.0129,100801.01
0.9805,0.3579,-0.2446,23.171,-24.695,-28.415,1.072,100801.07
1.1846,0.2524,-0.4858,-18.902,0.122,-38.049,1.305,100800.49
1.23,0.231,-0.562,10.671,29.634,-21.768,1.3719,100799.32
0.8906,0.165,-0.3267,50.061,38.049,7.012,0.9629,100798.55
1.0781,0.1094,-0.0649,93.171,-2.988,-23.598,1.0856,100799.5
0.7026,0.2163,0.002,62.988,-29.268,11.646,0.7352,100798.82
0.5229,0.0615,-0.2393,-74.329,-38.963,98.171,0.5784,100798.31
0.7754,-0.0527,-0.3408,-29.817,-12.439,4.756,0.8486,100797.06
0.8662,0.041,-0.0449,10.854,-40.976,-44.695,0.8683,100796.87
0.7427,0.0371,-0.2173,-40.0,-36.829,6.951,0.7747,100796.74
0.8843,0.1519,-0.394,-1.159,-17.5,40.488,0.9799,100797.74
1.0171,0.189,-0.5854,-8.537,7.988,3.841,1.1887,100798.38
1.0254,0.1987,-0.5757,-36.159,9.207,19.573,1.1926,100798.51
0.9751,0.1753,-0.6846,-81.524,-8.78,59.146,1.2042,100797.95
1.1499,0.251,-0.5151,-71.89,21.159,-7.622,1.2848,100797.91
0.9653,0.2661,-0.3477,-26.524,37.561,-17.866,1.06,100797.98
0.6108,0.2241,-0.1714,38.963,20.671,12.5,0.6729,100797.79
0.7651,0.2344,-0.2515,36.037,26.585,58.171,0.8388,100796.91
0.7871,0.2354,-0.0859,23.415,7.317,-3.902,0.826,100796.36
0.8789,0.2788,-0.1812,4.268,25.244,-45.427,0.9397,100795.83
1.1631,0.3901,-0.3325,-7.927,21.463,-42.805,1.271,100795.93
1.1455,0.0732,-0.6523,44.634,19.939,5.488,1.3203,100796.12
1.1162,0.2163,-0.27,50.793,35.122,-19.573,1.1686,100795.15
1.2256,0.333,-0.147,-12.012,23.415,-25.61,1.2785,100795.66
0.665,0.1343,-0.0259,-23.232,-35.305,40.427,0.679,100796.05
0.4707,-0.0073,-0.105,10.366,-65.488,49.329,0.4823,100795.23
0.8599,0.0088,-0.186,28.171,-55.488,33.049,0.8798,100795.88
0.7852,0.0254,-0.1235,16.951,-20.427,13.11,0.7952,100795.47
0.8242,0.019,-0.1357,26.829,6.524,-50.427,0.8355,100794.43
0.8228,0.0264,-0.2476,20.305,-8.476,-10.0,0.8596,100794.39
0.7373,0.0317,-0.3535,7.927,-0.488,45.244,0.8183,100794.24
