ax,ay,az,gx,gy,gz,avm,pressure
0.6875,-0.165,-0.0039,-46.037,-16.28,27.561,0.707,100771.0
0.4824,0.0903,0.1279,-23.841,15.915,13.841,0.5072,100771.77
1.0654,0.1665,0.1348,-55.915,7.988,13.598,1.0868,100771.61
1.6646,0.0913,-0.0869,-36.463,-32.927,-21.89,1.6693,100772.34
1.814,0.4253,-0.1187,7.866,-10.793,-2.5,1.8669,100771.91
1.1387,0.1758,-0.3193,-34.939,-47.378,11.037,1.1956,100772.95
0.5762,0.127,-0.3857,-17.683,-44.695,2.561,0.7049,100772.74
0.4814,0.0718,-0.0762,34.512,-11.646,-10.854,0.4927,100773.83
0.1489,-0.0005,0.146,60.061,5.0,-34.756,0.2086,100773.38
0.0542,-0.0532,-0.1055,78.232,-12.439,1.89,0.13,100773.45
1.5518,0.3701,-0.1421,43.171,17.744,28.902,1.6016,100774.23
2.1685,0.396,-0.167,-30.244,17.561,-28.293,2.2106,100774.3
1.3291,0.1934,-0.3745,-66.585,-35.488,10.854,1.3943,100773.99
0.6099,0.168,-0.5195,-2.561,-91.28,39.878,0.8186,100774.27
0.6396,0.2656,-0.4194,11.159,-45.122,29.024,0.8097,100774.84
1.3716,-0.0029,-0.3462,-71.22,-20.061,3.537,1.4146,100774.16
0.5732,-0.0903,0.3477,-39.512,-17.317,-89.268,0.6765,100773.9
0.1211,-0.0713,-0.0356,-43.537,-19.451,-34.695,0.145,100774.07
1.0801,0.0996,-0.4429,-23.354,-6.89,71.89,1.1716,100773.82
1.4688,0.3667,-0.5132,18.963,42.927,-0.793,1.5985,100774.48
1.8062,0.5239,-0.7002,5.915,16.829,11.951,2.0067,100775.62
1.0171,0.1699,-0.4248,-45.305,-58.598,17.561,1.1153,100776.09
0.4116,-0.0439,-0.2612,-30.854,-53.049,-8.841,0.4895,100776.55
0.5796,-0.1021,-0.1475,43.354,2.134,-6.951,0.6067,100777.04
2.1675,0.5386,-0.2529,31.463,44.878,-33.049,2.2477,100776.27
1.3047,0.2637,-0.3643,-27.927,20.366,-8.171,1.38,100776.57
0.7876,0.1323,-0.5557,-42.927,-32.317,25.671,0.9729,100776.8
0.8408,0.2827,-0.3955,-13.598,-32.683,-27.012,0.9713,100777.23
0.6675,0.0776,-0.2383,-20.61,-7.012,-18.78,0.713,100776.67
0.3188,-0.1587,-0.0444,-47.195,-25.732,12.561,0.3589,100777.35
0.4561,-0.0161,-0.3091,-43.659,-21.402,-10.427,0.5512,100777.39
1.793,0.5649,-0.6602,5.793,18.659,-16.585,1.9924,100777.53
2.1211,0.7617,-0.521,35.122,47.866,-8.598,2.3132,100778.5
1.062,0.3579,-0.5796,3.963,-3.963,-61.707,1.2617,100778.62
0.5552,-0.0146,-0.4585,7.134,-49.817,-32.439,0.7202,100779.2
0.3994,0.0142,0.063,55.549,13.598,9.024,0.4046,100779.14
0.0332,0.2827,0.2988,95.732,37.378,54.085,0.4127,100779.34
0.0371,0.0859,-0.2559,56.585,-44.146,44.573,0.2724,100780.37
1.7266,0.2627,-0.6489,12.195,-7.805,-39.329,1.8631,100780.02
1.4092,0.1914,-0.625,25.732,17.256,-16.646,1.5534,100779.75
1.2192,0.5234,-0.8413,44.878,-62.622,-42.378,1.5711,100779.56
1.0479,0.3252,-0.3638,16.646,-136.037,-133.415,1.1559,100780.16
0.1919,0.0308,0.1035,7.073,-62.805,12.073,0.2202,100779.36
0.2012,-0.0488,-0.0835,-44.573,-10.305,136.646,0.2232,100780.12
0.6885,-0.1064,-0.4331,-44.207,13.354,76.585,0.8203,100779.82
1.7905,0.3335,-0.7886,-69.878,135.854,20.061,1.9847,100780.6
1.6499,0.7275,-0.9902,-40.793,-5.061,-8.354,2.0572,100780.43
0.6152,-0.0166,-0.5908,-15.976,-2.073,-53.72,0.8531,100780.02
0.2271,-0.0054,-0.3403,51.22,31.646,5.0,0.4092,100781.12
0.376,0.1201,-0.0488,84.451,57.073,-0.183,0.3977,100782.08
-0.0127,0.2583,0.0752,70.61,55.244,117.805,0.2693,100782.66
0.3184,0.1875,-0.2363,2.927,35.0,65.793,0.4386,100782.86
2.1313,0.6294,-0.8354,-39.939,82.012,-100.61,2.3742,100783.26
1.3188,0.4785,-0.5591,147.561,-58.841,-55.854,1.5103,100783.91
0.8691,0.1567,-0.377,100.244,-71.28,-85.854,0.9602,100784.05
1.0903,0.584,-0.9189,-69.878,126.829,30.427,1.5409,100784.38
0.7549,0.4297,-0.4385,163.659,-155.793,-13.78,0.973,100784.02
0.2832,-0.1284,-0.1802,140.915,-133.72,-59.634,0.3594,100783.49
0.3364,-0.0796,-0.0933,79.39,-15.854,-24.512,0.3581,100784.36
1.4487,0.3335,-0.52,140.183,79.573,-112.317,1.5749,100784.98
1.814,0.8232,-0.5737,135.732,88.293,-89.268,2.073,100784.48
1.5029,0.7842,-0.6294,58.476,35.732,-47.195,1.8083,100784.97
1.1528,-0.1021,-0.6802,13.232,12.073,-143.659,1.3424,100785.94
0.5488,0.0015,-0.6699,82.378,110.427,-30.854,0.866,100785.32
0.7207,0.728,-0.4028,215.976,72.012,-63.415,1.1008,100785.71
0.5205,0.6152,0.0093,300.854,-22.378,-104.939,0.8059,100784.89
0.7271,0.3784,-0.1934,202.134,27.439,-111.463,0.8421,100785.01
0.8369,0.3203,-0.147,243.354,52.683,-117.134,0.9081,100784.49
1.2119,0.6353,-0.5679,225.244,49.451,-148.232,1.4815,100785.47
1.4443,0.5635,-0.4673,162.256,18.963,-146.22,1.6192,100785.45
1.0518,0.2466,-0.4316,112.683,20.854,-115.488,1.1633,100786.3
0.7856,0.2734,-0.6504,121.463,29.878,-77.622,1.0559,100786.09
0.6821,0.2061,-0.4624,119.268,3.963,-50.244,0.8495,100785.79
0.7031,0.0566,-0.3477,119.756,-3.537,-73.598,0.7864,100784.98
0.832,0.1084,-0.1792,133.415,17.439,-91.22,0.858,100785.22
0.6753,0.0918,0.0771,125.671,22.195,-71.89,0.6859,100785.26
0.8965,0.0679,-0.2622,33.232,15.854,-60.549,0.9365,100784.91
1.2578,0.1523,-0.6587,11.341,80.549,22.439,1.428,100784.55
1.5117,0.1768,-1.0171,5.732,88.841,34.207,1.8306,100784.4
1.4521,0.2197,-1.0645,4.451,32.073,-10.427,1.8139,100784.66
1.0303,0.3589,-0.7749,40.0,29.024,-1.098,1.3382,100783.87
0.687,0.3516,-0.1636,55.671,55.61,-23.902,0.7889,100784.01
0.4458,0.2881,0.0674,5.793,11.707,26.585,0.535,100783.63
0.1685,0.1646,-0.1777,13.11,-39.146,-24.268,0.295,100784.22
1.1323,0.3013,-0.1333,69.817,-19.939,-144.634,1.1793,100783.04
1.6025,0.4692,-0.4863,112.683,32.378,-133.232,1.7392,100783.03
1.2446,0.7891,-0.252,156.341,53.659,-49.695,1.4951,100783.65
1.0093,0.2505,-0.1362,55.732,17.866,-25.671,1.0488,100783.62
1.1724,-0.1392,-0.5977,-3.598,21.524,-48.659,1.3233,100783.98
1.3804,-0.0151,-0.7153,-6.89,93.537,-30.061,1.5548,100783.36
0.7593,0.2153,-0.209,-9.512,33.293,-39.878,0.8164,100784.03
0.1567,0.1899,0.6543,59.024,-113.354,-39.573,0.6991,100782.9
0.0542,-0.2368,0.0264,-67.561,-66.951,155.366,0.2444,100782.21
0.8618,-0.3823,-0.1138,-59.878,1.22,109.39,0.9497,100782.05
1.4043,0.2358,-0.5244,-52.561,-20.0,22.134,1.5175,100782.05
1.5728,0.6895,-0.8242,-45.488,49.146,24.512,1.9048,100782.2
0.877,0.3794,-0.3643,-104.39,26.28,-5.61,1.0226,100782.24
1.1416,0.5742,-0.4189,-120.488,51.646,-116.28,1.3448,100782.45
0.6997,0.3662,-0.2012,40.671,20.305,-57.256,0.815,100781.76
0.0698,-0.0557,0.0127,67.805,-63.11,46.341,0.0902,100780.86
0.4688,0.0884,-0.0449,47.317,-44.695,-37.988,0.4791,100780.79
1.1621,0.5259,-0.0278,113.049,63.415,-65.854,1.2759,100781.13
1.2036,1.0688,-0.0576,153.354,37.805,59.695,1.6107,100780.88
1.3027,0.4209,-0.3594,33.659,28.963,-1.585,1.4154,100780.71
1.3193,-0.1772,-0.5151,-52.805,-4.268,-45.366,1.4274,100780.55
1.3652,0.2671,-0.8457,-12.622,27.195,-7.988,1.628,100780.69
1.1162,0.522,0.0728,101.098,34.512,-102.439,1.2344,100779.96
0.167,0.2729,0.1289,-26.707,-35.305,-9.634,0.345,100780.62
0.1006,-0.2217,0.1147,-15.061,24.878,38.78,0.2691,100780.0
0.584,-0.1807,0.1543,-14.207,-30.366,-8.72,0.6305,100780.18
1.2251,0.3813,-0.2915,-107.744,-41.098,31.768,1.3158,100780.17
1.3213,0.5371,-0.1768,-20.366,-27.744,77.866,1.4372,100779.92
1.1938,0.6152,-0.9565,-236.098,12.927,171.159,1.6489,100779.61
1.251,0.5312,-0.5522,7.012,-28.598,3.841,1.467,100780.12
1.2593,0.4028,-0.5039,-16.707,-5.305,29.512,1.4149,100779.27
0.8853,0.4775,-0.3062,-10.0,14.451,17.134,1.0514,100778.23
0.1235,0.2471,0.0186,-14.39,-18.049,45.549,0.2769,100778.72
-0.0669,-0.1152,-0.1938,4.573,-36.707,6.22,0.2352,100778.48
1.0371,0.3447,0.1572,188.171,-36.28,-100.732,1.1042,100777.8
1.6934,0.5786,-0.1602,57.317,49.39,-77.195,1.7966,100777.04
1.5488,0.5938,-0.3652,35.305,65.671,-8.476,1.6985,100776.59
1.1567,0.1235,-0.3657,30.732,38.476,-0.183,1.2194,100777.0
1.3467,0.0996,-0.6519,-19.695,11.28,-5.244,1.4995,100777.32
1.2441,0.2905,-0.105,92.805,14.39,-61.951,1.2819,100777.06
0.3027,0.1108,0.1216,10.305,-33.902,-7.256,0.3446,100776.85
-0.1411,-0.2964,-0.0854,-18.902,-51.585,67.256,0.3392,100777.08
0.5811,-0.3574,0.3613,65.061,54.512,54.207,0.772,100776.12
1.0635,-0.0391,-0.2656,-36.646,-61.463,38.841,1.0968,100776.15
1.4736,0.4438,-0.4658,-88.11,-20.793,39.39,1.608,100775.8
1.7344,0.248,-0.8716,-143.232,116.524,-20.305,1.9568,100775.8
1.2642,0.4849,-0.3901,-32.073,81.341,0.915,1.409,100774.91
0.7534,0.4888,0.0098,56.341,-122.134,-37.622,0.8981,100775.15
0.4873,0.2578,-0.3315,-148.659,12.378,122.561,0.6433,100774.69
-0.1021,0.0581,0.0259,20.0,17.378,100.854,0.1203,100773.84
0.3965,0.2236,-0.1084,159.817,-116.463,-114.817,0.4679,100772.84
1.7925,0.3232,-0.2104,205.671,-12.805,-171.585,1.8335,100772.34
1.5098,0.6304,-0.2422,60.732,44.268,-78.902,1.6539,100772.32
1.2988,0.3232,-0.541,-38.841,-3.963,-30.183,1.4437,100771.95
1.292,0.0625,-0.4775,4.695,19.451,-86.524,1.3788,100771.55
1.0625,0.1641,-0.0796,35.976,-13.354,-28.902,1.078,100770.36
0.4595,0.0225,-0.2573,-101.341,-18.841,-3.049,0.5271,100770.09
0.1313,-0.124,0.0254,18.78,-127.256,7.378,0.1824,100769.91
0.7676,-0.1206,0.0044,48.476,-56.22,7.256,0.777,100770.0
1.4146,0.3027,-0.4092,-43.963,12.805,70.183,1.5033,100770.58
1.2217,0.4985,-0.4976,-78.659,-42.561,63.11,1.4102,100771.02
0.9771,0.5977,-0.6865,-137.988,20.732,81.28,1.3353,100772.09
0.9951,0.5718,-0.3721,-97.073,30.061,29.695,1.2065,100772.53
0.5879,0.3481,-0.2622,-7.134,-41.28,-9.329,0.7318,100771.74
0.3066,0.3335,-0.0396,3.659,32.134,5.305,0.4548,100772.03
0.3843,0.2378,-0.3936,-137.012,67.622,78.902,0.5992,100771.36
0.9526,0.3447,-0.1904,103.841,-41.402,-79.756,1.0308,100770.73
1.5249,0.3838,-0.3501,120.793,67.256,-107.744,1.611,100771.14
1.2876,0.6797,-0.0649,185.061,60.671,-73.963,1.4574,100770.83
1.1304,0.3564,-0.1191,52.866,77.988,-32.866,1.1912,100770.2
1.0806,0.1631,-0.5757,-127.073,6.951,26.28,1.2352,100769.89
1.1357,0.2554,-0.3979,-42.439,9.268,0.122,1.2302,100769.5
0.7021,0.144,-0.269,-7.561,39.695,-59.146,0.7656,100769.73
0.0601,-0.0903,0.2188,97.744,-73.841,-8.537,0.2442,100768.78
0.3506,-0.1978,0.1201,-0.305,-100.671,79.024,0.4201,100768.7
1.1001,0.1011,-0.1758,-86.585,-22.378,103.293,1.1186,100768.27
1.562,0.5708,-0.5049,-112.256,90.549,91.768,1.738,100768.44
1.5737,0.5356,-0.4771,-32.927,68.354,11.341,1.7295,100768.2
1.2822,0.4136,-0.3047,-36.646,38.354,40.976,1.3813,100768.38
0.9014,0.374,-0.4883,-108.11,-34.024,63.72,1.0912,100767.77
0.6826,0.3706,-0.1763,-48.537,-36.768,-35.854,0.7965,100768.07
0.085,0.1738,-0.0981,-20.0,-31.22,78.415,0.2169,100767.42
0.0225,0.1089,0.0381,117.378,-88.232,33.902,0.1175,100767.68
1.0693,0.3237,-0.0898,122.988,-24.085,-85.244,1.1209,100766.99
1.5645,0.5562,-0.4116,84.146,87.805,-67.439,1.7106,100767.35
1.3057,0.585,-0.0068,277.622,57.622,-116.098,1.4307,100766.52
1.2271,0.3462,-0.1245,162.134,27.866,-130.732,1.281,100766.37
1.1313,0.1636,-0.2529,36.829,24.695,-37.134,1.1708,100766.88
0.9365,-0.0493,-0.2715,46.951,48.293,-35.671,0.9763,100766.77
0.7251,0.2705,-0.0039,34.451,92.683,-5.854,0.7739,100766.33
0.5249,0.4282,0.0493,30.244,-52.805,13.963,0.6792,100765.38
0.377,0.0474,-0.228,85.732,-110.061,-45.0,0.4431,100764.89
0.9033,0.3755,-0.23,87.073,-4.878,-20.244,1.0049,100764.91
1.4399,0.6592,-0.1953,152.378,41.951,34.878,1.5956,100764.55
1.2769,0.6284,-0.0342,229.268,38.11,-75.183,1.4235,100764.52
0.8481,0.2822,-0.248,68.598,13.78,-20.793,0.9276,100765.27
0.5166,0.2646,-0.3276,62.622,-72.317,15.122,0.6665,100764.97
0.5483,0.2559,0.0654,186.768,-5.61,-86.402,0.6086,100763.99
0.4819,0.2168,-0.1895,94.451,50.427,-93.354,0.5614,100764.25
0.3511,0.2627,-0.1055,239.329,11.951,-112.927,0.451,100765.2
0.5513,0.208,-0.123,289.39,18.963,-127.134,0.6019,100764.78
1.1152,0.6709,-0.6704,160.427,77.012,-140.732,1.464,100764.84
2.0806,1.0356,-0.5859,112.378,140.793,-114.085,2.3968,100764.77
1.1763,0.4282,-0.4824,29.756,56.585,10.0,1.3415,100765.69
0.3862,0.1538,-0.2158,183.293,37.988,-58.72,0.4684,100766.28
0.7192,0.3604,-0.3545,170.427,72.5,-115.915,0.8791,100765.86
0.6821,0.3218,-0.4258,135.915,61.341,-82.988,0.8661,100766.27
0.6582,0.3003,-0.2466,114.695,60.488,-70.61,0.7643,100766.34
0.9629,0.3877,-0.3389,52.744,63.415,-22.073,1.0919,100766.01
0.9521,0.2109,-0.25,104.451,18.11,-36.28,1.0068,100764.91
0.9502,0.1382,-0.0864,101.829,18.598,-40.915,0.9641,100764.83
0.9673,0.2134,0.0039,97.622,36.22,-32.012,0.9905,100764.39
1.043,0.2744,-0.063,133.171,38.72,-33.049,1.0803,100764.32
1.3774,0.2871,-0.4126,49.817,20.488,-35.244,1.4663,100764.75
0.8848,0.3701,-0.6436,-44.39,53.902,58.598,1.155,100764.83
0.4717,0.249,-0.3496,42.012,-56.768,-14.39,0.6377,100765.5
0.5342,0.0791,-0.145,89.451,-30.183,-30.366,0.5591,100765.9
0.7388,0.2197,-0.2275,42.927,43.902,28.11,0.8036,100765.55
0.8037,0.251,-0.4111,41.951,-19.878,-34.939,0.937,100764.57
0.7578,0.2324,-0.459,31.707,-51.524,-38.537,0.916,100764.45
0.502,0.0195,-0.4458,56.768,-29.329,-19.878,0.6716,100765.34
0.3521,0.0938,0.0225,154.085,27.012,-18.049,0.365,100765.78
0.835,0.3906,0.0981,203.841,48.049,-59.512,0.927,100765.83
1.2974,0.3589,-0.1875,64.085,32.073,-83.598,1.3591,100765.63
1.5039,0.5361,-0.7222,-75.488,59.268,16.159,1.7523,100766.35
1.3389,0.6768,-0.8184,-49.207,51.28,-7.866,1.7089,100766.39
0.8164,0.1504,-0.5347,19.085,-136.402,-54.146,0.9874,100766.16
0.6055,0.0659,-0.6147,20.122,-46.28,9.146,0.8654,100766.62
0.6577,0.1597,-0.2979,17.744,-14.329,15.61,0.7395,100766.48
0.4814,0.0454,0.1079,-36.28,-27.439,9.146,0.4955,100765.62
0.3198,-0.0161,-0.0576,-63.293,-24.024,21.707,0.3254,100765.59
0.9233,0.0801,-0.209,24.634,44.634,5.915,0.9501,100766.31
1.7754,0.2993,-0.5166,25.732,69.634,-6.768,1.8731,100767.1
1.2563,0.4429,-0.8267,-16.585,89.146,48.841,1.5678,100768.07
1.0249,0.604,-0.752,8.72,-25.854,-36.037,1.4074,100768.17
0.8965,0.1299,-0.2959,2.439,-47.439,-42.134,0.9529,100768.12
0.7461,0.062,-0.6104,-77.134,49.878,63.354,0.9659,100768.09
0.458,0.0444,-0.2856,38.841,-0.793,-0.732,0.5416,100768.18
0.1685,0.0483,0.1704,166.341,0.793,-43.232,0.2444,100767.88
0.5991,0.3516,0.0894,121.829,52.744,-119.451,0.7004,100768.54
1.4004,0.5557,-0.2358,44.39,77.622,-90.854,1.525,100768.77
1.3828,0.251,-0.375,-55.0,28.476,34.39,1.4546,100769.05
1.4395,0.3159,-0.6001,-91.037,4.329,27.134,1.5912,100769.04
1.103,0.4653,-0.6646,-80.915,7.561,40.976,1.3692,100769.76
0.7925,0.0649,-0.1963,-9.207,-75.732,-11.402,0.819,100769.55
0.3921,0.083,0.0977,27.5,-20.915,21.829,0.4125,100770.02
-0.063,-0.1821,0.1309,-69.756,-25.61,91.341,0.2329,100770.25
0.7114,-0.1138,-0.4443,-87.378,3.049,27.927,0.8465,100770.05
2.0093,0.4995,-0.4185,35.122,19.207,-49.39,2.1123,100769.77
1.7061,0.6221,-0.3887,-1.89,38.049,-25.61,1.8571,100769.31
0.9019,0.5083,-0.5977,-109.817,-17.866,53.963,1.1954,100769.71
0.8018,0.064,-0.3384,17.317,-90.366,22.073,0.8726,100769.77
0.7627,0.0576,-0.7065,-63.171,-47.195,22.439,1.0413,100770.18
0.5913,0.0776,-0.125,34.817,-4.39,26.768,0.6093,100770.11
0.1709,0.0972,0.1587,35.549,19.817,-4.939,0.2526,100770.32
0.9209,0.2573,-0.1162,12.927,14.634,-54.512,0.9632,100771.46
1.5347,0.5273,-0.1602,75.549,36.646,-69.451,1.6306,100771.95
1.085,0.3037,-0.3696,13.902,54.939,11.768,1.1858,100771.31
1.251,0.2139,-0.5259,-54.878,46.951,27.5,1.3738,100770.85
1.0874,0.4019,-0.3394,-32.988,-38.415,-28.293,1.2079,100771.24
0.6538,0.2012,-0.395,-40.732,-40.793,-0.061,0.7899,100771.28
0.3989,-0.0977,-0.0693,-17.256,-36.707,21.524,0.4165,100771.57
0.1489,-0.0586,-0.0371,-10.305,-30.854,43.049,0.1643,100771.91
1.0522,0.2051,-0.2319,-38.78,43.232,35.61,1.0968,100772.65
1.6323,0.3901,-0.2661,-4.634,22.683,-25.976,1.6993,100773.58
1.3994,0.542,-0.5044,-2.744,32.256,-16.829,1.5832,100774.02
1.4551,0.3535,-0.498,-25.061,9.146,18.841,1.5781,100773.63
0.9341,-0.0122,-0.4927,-10.305,-64.634,20.244,1.0561,100773.94
0.4849,-0.0054,-0.5347,39.024,-27.439,28.232,0.7218,100774.17
0.3159,0.1045,0.123,126.402,-5.061,-44.878,0.3548,100774.61
0.2124,0.1812,0.0767,49.695,13.78,-61.159,0.2895,100775.05
0.9727,0.3853,-0.1602,18.11,34.207,-24.695,1.0584,100774.77
1.4888,0.4312,-0.2256,25.61,16.768,-9.695,1.5663,100774.42
1.1992,0.3457,-0.6064,-31.098,33.537,8.232,1.3876,100775.41
1.1309,0.2588,-0.4932,-28.415,-2.256,13.354,1.2606,100775.38
1.0391,0.4429,-0.48,-51.159,-26.951,-15.61,1.2273,100775.88
0.6577,0.0562,-0.2515,-28.232,-31.524,13.049,0.7064,100775.48
0.4453,-0.1841,0.0332,38.537,-48.841,10.0,0.483,100775.84
0.2793,-0.2007,-0.0576,-43.659,-7.805,56.585,0.3487,100775.85
1.4736,0.3472,-0.2451,-24.451,51.768,-20.915,1.5337,100775.98
1.897,0.6147,-0.4722,-17.744,22.683,20.732,2.0492,100776.08
0.9102,0.4336,-0.7759,-104.451,10.366,91.707,1.2722,100776.39
0.8076,0.0459,-0.416,40.793,-6.037,-69.024,0.9096,100777.12
0.7515,0.2197,-0.1328,44.207,41.341,2.012,0.7941,100778.66
0.2275,0.1455,0.2051,154.878,30.0,-20.244,0.3391,100779.44
-0.1201,-0.0879,-0.167,125.549,-60.0,14.268,0.2237,100779.04
1.6289,0.2573,-0.2773,39.695,33.415,-53.415,1.6723,100778.6
1.8691,0.4419,-0.3101,15.549,69.817,-9.329,1.9455,100779.66
1.3486,0.2837,-0.7354,-33.963,-31.402,-6.768,1.5621,100780.7
1.1592,0.2622,-0.3408,48.598,-64.939,-109.207,1.2364,100779.98
0.5342,0.1533,-0.2227,17.256,-65.732,22.866,0.5987,100780.2
0.4917,-0.0542,-0.2578,-30.061,-75.061,30.549,0.5578,100780.48
0.2383,0.0015,0.0259,2.378,-74.756,5.976,0.2397,100779.95
0.9292,0.2217,-0.4824,-12.683,-30.122,2.439,1.0702,100779.54
1.8662,0.4165,-0.48,33.354,19.512,-9.939,1.9714,100780.23
1.0933,0.2856,-0.6284,20.366,22.988,23.841,1.293,100779.51
0.8975,0.165,-0.6787,-8.354,4.817,-12.988,1.1372,100780.33
0.8691,0.1094,-0.7017,-14.878,2.073,-24.207,1.1224,100781.3
0.6763,0.0747,-0.6875,29.756,-3.293,1.768,0.9673,100782.04
0.5068,0.1118,-0.2339,71.159,-7.622,-43.537,0.5693,100781.87
0.5068,0.1118,-0.2339,71.159,-7.622,-43.537,0.5693,100782.58
0.0435,0.2607,0.1191,76.463,10.915,-30.427,0.2899,100782.12
0.73,0.3096,-0.1353,66.707,21.037,-31.585,0.8044,100782.03
1.6646,0.603,-0.3594,81.341,84.146,-29.085,1.8065,100781.86
1.2935,0.4175,-0.7554,14.512,53.72,11.22,1.555,100782.35
0.9863,0.0942,-0.7866,18.171,-4.085,-53.232,1.2651,100781.95
0.7319,0.0537,-0.4409,55.976,22.195,-35.061,0.8562,100783.16
0.6021,-0.0112,-0.4336,64.634,18.537,26.707,0.742,100783.17
0.8574,0.1362,-0.5156,31.829,-30.183,10.488,1.0098,100783.06
0.6079,0.2002,-0.1035,14.451,-51.829,16.951,0.6483,100783.37
0.6621,0.0576,-0.0884,12.622,-26.22,31.098,0.6705,100782.73
1.2754,0.4287,-0.4062,55.244,40.976,-53.11,1.4055,100783.11
2.1875,0.8721,-0.3086,112.317,79.39,-71.28,2.3751,100782.91
1.4385,0.5322,-0.6445,91.829,34.817,-16.341,1.6637,100783.11
0.894,0.0366,-0.686,68.659,13.293,-54.512,1.1275,100782.42
0.6802,0.1621,-0.4165,157.561,45.122,-103.72,0.8139,100783.26
0.5742,0.5781,0.2754,259.817,53.476,-120.122,0.8601,100783.39
0.4185,0.4131,0.1641,196.402,52.195,-105.366,0.6105,100783.72
0.5229,0.3618,0.0073,180.915,54.207,-117.195,0.636,100784.23
1.2661,0.5415,-0.4624,168.415,118.963,-117.134,1.4526,100784.23
2.0068,0.9585,-0.1709,156.037,141.89,-89.573,2.2305,100784.48
1.3198,0.583,-0.3867,103.415,35.366,-13.841,1.4938,100784.69
0.5503,0.1763,-0.1191,171.524,7.195,-33.537,0.59,100784.7
0.7085,0.3037,0.1548,198.415,36.341,-39.268,0.7862,100784.84
0.731,0.0879,-0.3145,141.524,5.976,-22.073,0.8006,100784.45
0.729,0.0659,-0.0464,130.244,24.817,-53.232,0.7334,100784.91
0.8823,0.1011,0.124,123.598,31.341,-36.585,0.8967,100785.1
1.042,0.0044,-0.2173,106.463,57.073,-13.78,1.0644,100785.77
1.2954,0.1235,-0.5288,113.049,73.049,-17.744,1.4046,100786.65
1.1123,0.1572,-0.4658,96.098,38.537,-5.427,1.2161,100786.2
1.0576,0.0869,-0.6714,49.573,8.963,9.329,1.2557,100786.09
1.2969,0.1426,-0.5913,48.659,10.0,2.378,1.4324,100786.76
1.5723,0.2612,-0.7339,54.207,38.354,-25.549,1.7547,100786.88
1.1577,0.3262,-0.1606,47.5,21.402,-13.171,1.2135,100786.74
0.2734,0.396,-0.082,-7.195,-25.122,-2.683,0.4882,100786.15
0.2793,0.0996,0.0073,-5.793,-47.988,-54.756,0.2966,100785.59
1.0244,0.2124,-0.0156,53.598,26.89,-84.695,1.0463,100785.4
1.6787,0.7222,0.0269,140.732,77.683,-66.402,1.8277,100784.27
1.2788,0.5405,0.1123,141.159,27.5,-42.134,1.3929,100783.79
0.9673,0.1875,-0.3584,62.256,-1.22,-30.976,1.0484,100783.92
1.3091,0.2144,-0.2114,55.488,40.488,-50.061,1.3433,100783.66
1.1367,0.1372,-0.2446,35.427,38.476,-42.988,1.1708,100782.48
0.8882,0.1133,-0.0947,34.817,17.5,-45.488,0.9004,100782.7
0.6641,0.1245,-0.0264,-28.476,10.854,-25.122,0.6761,100782.24
0.2354,-0.0356,-0.0786,-45.0,-62.744,-9.085,0.2507,100781.41
0.4751,-0.0649,0.083,-46.951,-66.951,26.951,0.4866,100780.54
0.8867,-0.0923,-0.1855,-88.476,-76.159,43.537,0.9106,100779.88
1.2632,0.1216,-0.144,-55.366,-70.305,29.146,1.2772,100779.52
0.8887,0.5352,-0.2129,8.049,-8.232,34.512,1.059,100779.75
1.2793,0.6602,-0.6875,-4.146,19.085,10.122,1.5953,100780.02
1.2295,0.5669,-0.5181,-18.537,46.037,6.646,1.4496,100779.37
1.3062,0.4795,-0.6836,-51.28,13.476,-9.817,1.5502,100779.02
1.0947,0.3901,-0.3682,-21.037,-7.561,-40.061,1.2191,100779.61
0.3115,0.2524,-0.0259,-2.805,27.134,-14.085,0.4018,100779.93
0.0034,0.0649,0.0952,25.976,-3.232,32.378,0.1153,100779.56
0.6216,0.1597,-0.2383,39.207,-28.293,-43.598,0.6846,100778.93
1.6582,0.7173,-0.3325,68.476,47.744,-69.024,1.837,100778.44
1.4048,0.7578,0.0547,105.671,11.524,-54.451,1.5971,100777.95
0.7515,0.3501,0.0078,83.293,15.122,-38.415,0.8291,100778.7
0.937,0.2915,-0.0439,62.988,69.512,-46.037,0.9823,100778.13
1.2031,0.3501,-0.1445,26.098,97.683,-13.415,1.2613,100777.11
1.1553,0.3286,-0.3125,-23.598,74.207,20.488,1.2411,100777.22
0.4863,-0.0132,-0.4448,-47.866,-65.0,-18.049,0.6592,100778.03
0.3667,-0.1411,-0.1797,-16.402,-106.402,-7.927,0.4321,100777.88
0.7441,-0.0342,0.0684,4.207,-59.085,56.829,0.7481,100777.54
1.1279,0.3286,-0.0874,-42.378,-74.207,51.89,1.1781,100776.9
1.3779,0.5103,-0.2212,-53.72,-31.768,22.805,1.4859,100776.91
1.1084,0.6328,-0.4238,-39.756,15.366,67.927,1.3449,100776.31
0.7983,0.5234,-0.5171,-83.354,4.939,50.366,1.0857,100776.72
0.7905,0.4697,-0.48,-71.585,-0.732,-3.171,1.0373,100776.55
0.9312,0.4941,-0.3765,-64.024,34.939,-33.415,1.1194,100775.65
0.6235,0.6152,-0.1416,6.89,66.037,-19.146,0.8873,100776.36
0.2734,0.3252,-0.0605,29.939,-8.232,-2.866,0.4292,100776.53
0.3608,0.1089,-0.0049,39.39,-38.293,-27.012,0.3769,100775.88
0.9546,0.5767,-0.0229,31.098,44.939,-40.793,1.1155,100775.68
1.2246,0.7437,-0.0483,109.39,45.244,-63.171,1.4335,100775.75
1.5112,0.9238,0.0537,118.902,82.988,-51.951,1.772,100775.95
1.6294,0.5889,-0.3662,16.463,73.293,-4.878,1.7708,100776.09
1.2349,0.2495,-0.3765,12.439,49.634,12.195,1.3149,100775.67
0.8657,0.146,0.0454,21.585,31.098,1.89,0.8791,100775.88
0.5957,0.1221,0.1221,33.232,-39.512,-20.61,0.6202,100776.39
0.2153,0.0791,0.0933,13.476,-63.354,16.402,0.2476,100776.06
0.3691,-0.1479,-0.022,-85.732,-44.207,71.463,0.3983,100775.66
1.3823,0.3154,-0.3633,-111.585,-31.707,37.439,1.4637,100774.88
1.5352,0.5435,-0.145,-83.11,-15.427,31.341,1.635,100774.41
1.1484,0.5674,-0.2817,-39.451,-8.171,41.524,1.3116,100774.2
1.0073,0.7021,-0.3252,-38.841,9.268,37.439,1.2702,100774.79
0.7749,0.6738,-0.1636,-60.427,30.427,59.451,1.0398,100773.86
0.3901,0.2974,-0.0352,-81.951,-12.317,-8.293,0.4918,100773.77
0.3979,0.3564,-0.0107,-23.476,44.512,-28.72,0.5344,100774.45
0.1772,-0.1074,-0.1753,-14.085,14.939,-6.707,0.2714,100774.47
1.0801,0.4004,-0.0601,85.793,42.927,-30.122,1.1535,100774.62
1.8481,0.7324,0.0483,140.0,122.378,-38.171,1.9886,100774.48
1.4492,0.6855,0.1963,213.537,69.024,-7.866,1.6152,100774.0
1.105,0.2944,0.126,90.0,60.183,22.256,1.1505,100773.4
1.2275,0.1235,-0.0015,-29.085,45.0,-20.244,1.2337,100772.68
0.9214,0.1602,-0.0029,-14.085,26.159,-41.098,0.9352,100772.05
0.5972,0.1641,0.0088,17.683,-61.829,-16.402,0.6194,100772.8
0.1973,-0.0815,-0.064,-25.732,-102.012,46.037,0.2228,100772.12
0.5757,-0.1519,0.0605,-65.244,-109.146,61.341,0.5984,100772.37
1.1465,0.2163,0.0913,-85.488,-43.72,27.927,1.1703,100771.8
1.3984,0.5103,0.1265,-94.573,-22.317,-1.28,1.494,100770.38
1.4194,0.5264,-0.0156,-90.244,-44.878,16.829,1.514,100769.82
1.1123,0.4678,-0.3984,-102.988,27.683,27.683,1.2707,100769.0
0.9805,0.4551,-0.3086,-88.293,44.39,15.915,1.1241,100768.91
0.7495,0.4019,0.0093,-23.78,30.427,-11.89,0.8505,100769.32
0.3618,0.5977,0.0176,74.085,31.28,-28.598,0.6989,100769.77
0.0303,0.2368,0.0264,66.829,-0.366,33.72,0.2402,100769.47
0.7012,0.3203,0.0308,46.098,-19.634,-30.122,0.7715,100770.27
1.4326,0.5488,0.0703,77.561,55.0,-46.585,1.5358,100770.25
1.2529,0.5625,0.1177,139.878,48.78,-3.415,1.3784,100770.23
1.3877,0.2705,0.0718,52.5,28.598,-3.354,1.4156,100769.5
1.2847,0.1353,-0.103,6.463,11.341,-8.354,1.2959,100768.9
1.1123,0.2256,-0.2231,-18.72,-36.463,-26.463,1.1567,100767.97
0.3384,-0.0083,-0.2202,-32.744,-133.171,-7.256,0.4038,100767.52
0.1748,-0.1509,0.106,-13.232,-142.317,27.134,0.2541,100767.56
0.6147,0.0952,0.0815,-41.89,-31.951,17.805,0.6274,100767.08
1.4458,0.5381,-0.0669,-107.256,-21.585,9.024,1.5441,100768.1
1.5576,0.5957,-0.2534,-88.171,-65.305,16.28,1.6868,100768.75
1.1035,0.5669,-0.6162,-47.622,-72.317,55.0,1.3852,100768.47
0.9736,0.7046,-0.6206,-34.329,-72.012,8.902,1.3526,100768.27
0.7842,0.4985,-0.4717,-41.037,-67.134,-0.671,1.0421,100767.0
0.5889,0.3833,-0.1904,10.976,-9.451,8.537,0.728,100766.94
0.334,0.271,0.1436,106.402,14.695,-6.159,0.4534,100767.12
-0.0938,0.1289,-0.0654,143.963,17.378,2.988,0.1723,100767.76
0.8091,0.5073,-0.1523,147.012,37.012,-39.512,0.9671,100766.49
1.3105,0.6157,-0.4565,101.402,52.805,-92.988,1.5182,100766.42
0.9893,0.4282,-0.0874,122.378,122.744,-65.427,1.0815,100766.6
0.7622,0.3735,-0.0161,145.305,98.78,-38.78,0.849,100766.62
0.8145,0.2578,-0.1606,102.988,49.329,-51.524,0.8693,100766.38
1.0474,0.2817,-0.3491,82.012,53.171,-51.524,1.1394,100766.59
1.2017,0.3589,-0.5713,78.841,40.061,-55.305,1.3781,100766.25
1.1646,0.4224,-0.353,84.512,46.463,-44.695,1.2881,100765.99
0.8447,0.2437,-0.167,62.561,59.024,-21.951,0.8949,100766.05
0.7534,0.3066,-0.043,91.341,59.268,-11.159,0.8146,100766.36
1.1792,0.6006,0.2686,89.878,50.183,-41.159,1.3503,100766.34
1.0234,0.5815,0.0654,127.744,73.963,-16.402,1.1789,100764.93
0.7959,0.3521,-0.106,82.134,58.598,13.049,0.8767,100765.0
0.7974,0.1914,-0.4199,29.573,23.415,-16.524,0.9213,100764.94
0.6899,0.2271,-0.1943,98.659,52.256,-40.732,0.7519,100764.89
0.6523,0.3833,0.041,203.78,62.073,-46.22,0.7577,100764.98
0.2739,0.5005,0.1802,273.537,96.707,-39.756,0.5983,100765.19
0.6553,0.4727,0.0566,235.915,75.122,-37.012,0.8099,100765.2
1.2163,0.4009,-0.3755,160.061,61.22,-30.732,1.3346,100765.34
1.5625,0.5103,-0.5356,104.756,114.695,-18.841,1.7288,100765.19
1.3032,0.4966,-0.2988,86.037,76.037,-32.439,1.4263,100764.46
1.0122,0.5405,-0.0591,116.159,25.488,-14.756,1.149,100765.14
0.752,0.4102,-0.1729,92.195,-17.073,-2.317,0.8738,100765.17
0.5269,0.1108,-0.0879,74.39,-21.89,-14.085,0.5455,100765.68
0.6821,0.1318,0.1001,72.988,5.366,-32.317,0.7019,100765.2
1.0166,0.1309,-0.0059,73.659,44.329,-22.012,1.025,100765.59
1.4424,0.3911,-0.1514,103.902,30.671,-28.11,1.5021,100765.26
1.0786,0.501,-0.3037,100.305,29.329,-23.293,1.2274,100765.26
0.6851,0.2466,-0.2212,58.841,16.829,-5.915,0.7609,100764.64
0.5928,0.0908,-0.2432,47.256,-12.683,-9.207,0.6471,100764.91
0.708,0.2144,-0.147,77.378,1.341,-11.28,0.7542,100764.28
0.6772,0.2515,-0.1587,82.866,0.061,-3.537,0.7396,100764.39
0.6445,0.3047,-0.2944,72.195,-22.073,-12.317,0.7713,100764.49
0.6553,0.1235,-0.3174,70.61,-6.829,-23.72,0.7385,100765.54
0.5571,0.166,-0.0688,110.793,7.622,-33.902,0.5854,100765.35
0.7642,0.4253,0.0127,136.341,54.634,-55.244,0.8746,100765.34
1.1367,0.688,-0.0308,98.902,57.378,-21.951,1.3291,100765.7
1.4551,0.4409,-0.3516,4.939,10.427,-4.695,1.5605,100765.85
1.3584,0.4292,-0.5156,-25.244,20.854,-33.659,1.515,100765.47
0.6602,0.2041,-0.4692,5.061,-19.451,-12.622,0.8353,100765.3
0.8599,0.3208,-0.5405,26.768,-3.415,-2.5,1.0651,100765.53
1.1479,0.6743,-0.5742,1.829,-14.878,-11.037,1.4499,100764.98
0.6338,0.1948,-0.2603,-13.841,-47.012,-13.963,0.7123,100765.16
0.4272,-0.0073,-0.0342,30.061,-32.683,-9.39,0.4287,100764.82
0.582,0.1343,0.1089,35.854,70.0,5.793,0.6072,100765.17
1.0493,0.3535,0.0659,13.293,54.817,10.244,1.1092,100765.95
1.2061,0.3667,-0.252,6.098,0.488,-8.11,1.2855,100765.52
1.0874,0.3359,-0.665,-52.439,-36.037,-1.89,1.3182,100765.34
0.8511,0.1665,-0.5239,-50.671,-26.037,0.976,1.0132,100766.8
1.0952,0.4263,-0.3662,18.476,43.659,6.463,1.231,100767.38
1.0659,0.373,-0.4321,41.463,25.183,18.72,1.2092,100767.6
0.626,0.0181,-0.4014,0.793,-39.939,9.329,0.7438,100767.62
0.4429,0.001,-0.2627,-3.11,-11.341,9.329,0.5149,100768.27
0.6572,0.3271,-0.0381,68.232,12.195,8.841,0.7351,100768.14
1.043,0.478,-0.0396,76.098,29.939,6.098,1.148,100767.91
1.0435,0.3242,-0.1748,71.159,18.11,9.451,1.1066,100768.48
1.3022,0.4058,-0.397,2.622,48.72,12.256,1.4206,100767.92
1.4341,0.4351,-0.4971,-83.415,21.829,-33.11,1.5789,100769.1
0.915,0.228,-0.5742,-87.866,-39.573,-13.354,1.1041,100769.13
0.6943,0.042,-0.3799,-15.122,-34.817,9.573,0.7926,100769.52
0.5098,0.1621,0.0356,1.707,-33.049,17.439,0.5361,100770.2
0.1328,0.0562,0.1025,-42.927,-28.659,40.122,0.1769,100770.56
0.4199,-0.0835,-0.0566,-46.585,-3.171,36.768,0.4319,100771.2
1.2178,0.1016,-0.5293,-49.207,56.585,18.598,1.3317,100770.7
1.6128,0.6035,-0.0449,88.049,66.159,-48.354,1.7226,100771.18
1.064,0.7178,-0.5781,-29.268,-7.988,17.5,1.4076,100771.18
0.9673,0.0171,-0.7817,-89.756,-55.854,4.695,1.2438,100772.03
1.1255,0.2368,-0.4404,-12.439,22.073,-69.085,1.2316,100771.94
0.9048,0.1934,-0.1963,87.073,13.476,-28.72,0.9458,100771.75
0.3472,0.1523,0.1177,81.159,1.159,-21.098,0.397,100772.0
0.4746,0.2041,-0.1411,42.683,21.646,-36.829,0.5356,100772.16
1.291,0.5874,0.127,108.293,71.646,-31.646,1.424,100772.79
1.1558,0.4751,-0.0312,27.744,80.122,16.28,1.25,100772.76
1.0918,0.2485,-0.4253,-64.207,13.537,-9.024,1.1978,100772.49
1.1138,0.4453,-0.4341,-43.72,-23.598,-68.232,1.2756,100772.03
1.0825,0.2866,-0.4336,-43.049,-33.354,-42.988,1.2008,100772.56
0.6807,0.145,-0.1592,-30.915,-53.902,-3.72,0.7139,100772.59
0.2656,-0.0371,0.1709,-24.39,-54.878,43.78,0.318,100771.73
0.6919,0.0747,-0.0566,-50.854,20.244,62.683,0.6982,100771.58
1.4443,0.5195,-0.0098,-13.171,39.695,12.988,1.535,100773.34
1.2842,0.8359,-0.1665,30.732,55.427,-21.341,1.5413,100773.91
1.1177,0.5859,-0.4663,-61.768,1.646,4.268,1.3453,100774.58
0.9414,0.0107,-0.4893,-76.402,-72.012,-20.061,1.061,100774.84
0.7422,-0.0249,-0.166,32.683,-4.207,0.122,0.7609,100775.16
0.3809,0.2524,0.1631,103.78,7.378,32.866,0.4852,100774.78
0.2412,0.2939,-0.1206,77.744,-38.049,27.683,0.3989,100774.62
1.3516,0.6143,-0.2832,29.756,27.683,-2.073,1.5114,100775.6
1.6562,0.7632,-0.3311,-42.378,70.671,-11.463,1.8534,100775.26
1.457,0.4746,-0.1328,-64.512,26.28,-52.5,1.5381,100776.59
0.7251,0.1494,-0.3486,-31.89,-37.317,-28.232,0.8183,100776.47
0.4985,0.1621,-0.3047,4.268,-79.817,12.012,0.6063,100776.78
0.6958,0.1382,-0.1147,-39.573,-39.146,12.744,0.7186,100777.25
0.5894,0.0669,0.146,-27.012,1.098,29.024,0.6108,100777.09
0.7075,0.1353,-0.0786,-48.598,46.89,74.39,0.7246,100777.34
1.3813,0.2593,-0.1562,5.793,69.268,20.183,1.4141,100776.79
1.2803,0.8574,0.125,64.207,41.646,-35.549,1.5459,100776.76
1.0996,0.7236,-0.5771,-121.89,-54.39,7.683,1.4373,100776.85
1.0273,0.21,-0.459,-88.72,-85.0,-18.963,1.1446,100778.16
0.6904,0.082,-0.2451,41.463,-11.646,-9.817,0.7372,100777.89
0.2964,0.0063,0.1055,150.793,7.073,22.744,0.3147,100777.95
0.3911,0.1812,0.1382,127.683,19.817,13.171,0.4526,100777.48
1.2739,0.4375,-0.1782,35.732,27.378,-5.366,1.3587,100777.89
1.9165,0.7832,-0.2842,-49.939,60.183,12.927,2.0898,100778.56
1.6118,0.5332,-0.4854,-95.427,8.171,-76.098,1.7657,100778.33
0.9521,0.3911,-0.3896,18.72,-52.012,-64.085,1.1006,100778.53
0.6392,0.1089,-0.2642,48.963,-50.122,16.037,0.7001,100778.42
0.3735,0.0884,0.1855,23.049,-21.341,-15.671,0.4263,100778.96
0.4614,0.1104,-0.1699,-12.805,-36.707,42.988,0.5039,100781.26
1.5293,0.5088,-0.5728,-25.305,26.646,24.146,1.7105,100781.6
1.626,0.5547,-0.4614,38.78,49.695,-24.207,1.7789,100782.46
1.291,0.6226,-0.4028,68.049,10.549,32.5,1.4888,100782.12
1.0732,0.2397,-0.4521,-5.183,-27.683,1.585,1.189,100781.96
0.8555,0.0806,-0.3486,18.72,-15.305,-15.488,0.9273,100782.35
0.23,0.0137,-0.126,101.89,-17.866,-1.524,0.2626,100782.41
0.0874,0.2314,0.1348,143.476,0.427,-22.927,0.2817,100782.31
0.5991,0.3599,-0.3584,78.293,6.646,-35.915,0.7854,100782.28
1.4795,0.7847,-0.4512,53.232,9.146,-62.622,1.7344,100781.87
1.4922,0.7471,-0.4746,29.939,52.988,-37.927,1.7349,100782.29
1.0093,0.4014,-0.4209,55.122,36.463,-23.963,1.1649,100782.09
0.6475,0.0845,-0.1978,77.134,12.256,-29.329,0.6822,100782.47
0.7637,0.0591,-0.4844,73.902,22.927,-7.012,0.9063,100783.34
0.9082,0.2734,-0.4326,87.622,5.976,35.366,1.0425,100783.27
0.7471,0.062,-0.2749,44.39,-26.463,25.549,0.7985,100784.09
1.0952,0.25,-0.2554,47.805,-9.817,-12.805,1.152,100783.81
1.3926,0.583,0.0039,98.598,72.744,-39.085,1.5097,100783.25
1.2832,0.939,0.0615,160.854,114.634,-39.878,1.5912,100782.56
1.3843,0.6836,-0.3354,82.5,42.927,-32.5,1.5799,100782.57
1.4688,0.4834,-0.3472,15.0,22.256,-80.0,1.5847,100783.06
0.6558,0.269,-0.1958,44.512,57.866,-37.317,0.7354,100783.55
0.3823,0.2036,-0.1265,126.402,55.183,0.488,0.4512,100783.42
0.5767,0.3608,0.1396,223.537,63.841,-53.72,0.6944,100784.43
0.6387,0.3599,0.0112,243.11,80.427,-65.244,0.7332,100783.57
1.0596,0.6909,0.1138,259.634,97.378,-68.72,1.27,100783.3
1.1309,0.6196,-0.0366,205.305,79.756,-49.39,1.29,100783.88
1.2759,0.3481,-0.0474,136.159,76.463,-22.5,1.3234,100784.15
1.3877,0.4541,-0.1167,124.939,71.28,-45.549,1.4648,100785.35
0.9897,0.4937,-0.1211,143.963,26.22,-38.537,1.1126,100784.78
0.686,0.231,-0.1191,117.5,-18.78,-45.61,0.7336,100785.09
0.8369,0.0767,-0.0449,111.402,25.122,-24.451,0.8416,100783.71
1.0107,0.0972,0.0747,117.866,54.451,-1.707,1.0181,100784.16
0.9717,0.208,0.0962,121.768,33.354,-30.061,0.9983,100785.27
0.9131,0.3394,-0.1226,94.695,26.098,-24.024,0.9818,100785.45
0.79,0.2158,-0.3882,60.183,26.951,-3.354,0.9063,100785.22
0.792,0.0601,-0.3145,55.305,40.854,11.159,0.8542,100784.68
1.0483,0.1577,-0.4399,56.524,37.073,8.11,1.1478,100784.53
1.4028,0.2183,-0.3794,48.78,38.415,-3.598,1.4695,100784.54
1.3481,0.4102,-0.4004,53.171,33.293,-6.707,1.4649,100784.16
0.9795,0.5918,-0.1758,26.22,22.195,-13.902,1.1578,100784.63
0.8696,0.6616,-0.0952,-28.841,5.366,-25.305,1.0968,100784.39
0.4946,0.3745,0.0991,4.329,-13.659,-17.012,0.6283,100784.18
0.7817,0.2949,0.1846,76.402,62.744,-43.415,0.8557,100784.42
1.5166,0.7021,0.1382,139.146,84.939,-69.756,1.677,100784.45
1.5317,0.6792,0.2251,131.402,77.866,-65.732,1.6906,100784.38
1.5254,0.7729,-0.2397,101.768,81.524,-39.939,1.7268,100783.7
1.1816,0.4282,-0.2236,64.085,-17.195,-42.012,1.2766,100782.43
0.8833,0.1558,-0.1172,87.378,-2.561,-19.024,0.9046,100782.22
0.6929,0.1128,0.2866,78.537,57.5,12.439,0.7583,100782.69
0.356,-0.0659,0.2251,52.195,-23.476,-10.0,0.4263,100782.54
0.2832,-0.1123,0.1421,4.207,-98.598,18.415,0.3362,100782.58
0.7231,-0.0122,-0.0503,-71.098,-100.0,23.902,0.725,100782.23
1.1064,0.4795,-0.1895,-61.768,-71.951,35.366,1.2207,100781.34
1.1802,0.77,0.1167,-71.524,-24.085,28.11,1.414,100780.93
1.1045,0.4893,-0.3296,-119.573,-41.463,35.488,1.2522,100780.36
1.1035,0.4927,-0.376,-67.317,-32.988,28.11,1.2656,100779.7
0.7944,0.4683,-0.292,-54.024,13.293,-0.61,0.9673,100779.82
0.5249,0.4004,-0.1616,-32.744,39.573,-14.39,0.6797,100779.54
0.521,0.4019,-0.2749,17.378,53.232,20.793,0.7131,100779.46
0.4941,0.229,-0.0693,62.683,-7.866,35.061,0.549,100779.88
0.854,0.3413,0.1187,44.817,32.195,-53.659,0.9273,100779.83
1.1812,0.5835,0.0298,28.049,24.451,-60.0,1.3178,100779.91
1.4077,0.6548,-0.0767,67.622,19.451,-34.756,1.5544,100779.35
1.0356,0.4561,-0.1992,82.073,-26.22,-33.902,1.149,100779.19
1.2686,0.4546,-0.437,54.329,-18.537,-36.463,1.4166,100778.45
1.1807,0.4385,-0.4712,49.939,-11.89,-33.659,1.3447,100778.62
1.0327,0.3701,0.0273,31.463,41.89,-6.89,1.0974,100778.9
0.5991,0.1611,0.1089,5.549,38.841,29.329,0.6299,100778.1
0.1484,-0.0825,-0.0249,5.0,-32.805,37.683,0.1716,100778.24
0.5449,-0.0181,0.1309,-25.732,-32.866,32.927,0.5607,100778.37
1.0283,0.2695,-0.0718,-92.439,-27.988,28.598,1.0655,100778.45
1.4624,0.6182,-0.1592,-90.976,2.5,25.854,1.5956,100777.91
1.1792,0.6475,-0.3062,-65.0,7.927,22.683,1.3797,100777.5
0.9907,0.6377,-0.1064,-58.171,41.28,20.366,1.183,100777.69
1.1113,0.708,-0.2109,-102.134,100.793,21.646,1.3345,100776.96
1.0176,0.5645,-0.4883,-43.415,82.988,64.146,1.2619,100777.16
0.3511,0.1816,-0.0015,19.451,-2.378,76.585,0.3953,100777.44
-0.0386,-0.0815,0.0435,44.939,-130.427,-67.256,0.1001,100776.9
0.6357,0.3545,0.3774,86.646,14.939,-100.732,0.8199,100777.86
1.0933,0.7339,0.1196,81.951,26.646,-14.817,1.3222,100777.6
1.4849,0.8154,0.0698,97.256,33.415,-8.049,1.6955,100777.63
1.5117,0.4282,-0.2856,20.549,41.646,-8.659,1.597,100776.55
1.4604,0.2246,-0.2568,35.549,42.805,19.695,1.4998,100777.6
1.5488,0.4224,-0.2817,46.89,70.793,37.683,1.6299,100776.91
0.9761,0.2881,0.2705,7.134,22.134,-20.976,1.053,100776.13
0.2441,0.0918,0.1221,-52.195,-57.439,-5.793,0.288,100775.16
0.0151,-0.1577,-0.125,-48.293,-116.951,39.573,0.2018,100774.95
0.353,-0.2041,0.3647,-57.439,-77.683,46.646,0.5471,100774.79
0.9956,0.1587,0.0571,-140.183,-51.28,-11.768,1.0098,100774.91
1.2661,0.2505,0.1938,-122.988,-59.573,-17.439,1.3051,100775.49
1.6064,0.4951,-0.5522,-63.11,6.707,27.866,1.7694,100774.71
1.1245,0.6392,-0.3804,36.28,72.622,67.256,1.3482,100774.98
1.2661,0.6938,-0.3491,2.988,54.634,-3.902,1.4854,100775.3
1.2139,0.4761,-0.2656,-63.659,-0.671,-48.049,1.3307,100774.68
0.6821,0.3994,0.0215,-37.317,3.963,-28.476,0.7908,100774.97
-0.0088,0.1084,-0.124,20.427,-6.768,42.683,0.165,100775.2
0.2378,0.1177,0.1914,87.805,-37.988,4.756,0.3272,100775.1
0.9497,0.6177,0.0405,97.988,36.22,-64.512,1.1336,100775.04
1.2407,0.7769,0.3096,124.39,79.512,-78.963,1.4962,100774.98
1.3428,0.7559,0.1074,86.768,64.512,-4.146,1.5446,100774.33
1.5425,0.271,-0.1841,16.037,52.561,4.634,1.5769,100773.95
1.4277,0.1914,-0.083,45.061,56.098,-5.244,1.4429,100773.56
0.9863,0.1733,0.0601,52.988,72.317,-25.244,1.0032,100773.51
0.6089,0.3252,0.1533,6.037,-12.195,-26.89,0.7071,100772.49
0.063,-0.0312,0.0225,-64.512,-136.951,25.122,0.0738,100772.7
0.2729,-0.2168,0.3115,-78.963,-103.415,52.256,0.4675,100772.71
1.022,-0.124,-0.0938,-123.415,-25.793,53.78,1.0337,100772.75
1.3594,0.3428,0.1938,-55.488,-6.951,26.098,1.4153,100772.03
