ax,ay,az,gx,gy,gz,avm,pressure
0.832,-0.022,-0.0732,9.085,29.085,-3.293,0.8355,100845.39
0.9531,0.0649,-0.0112,25.366,19.817,5.061,0.9554,100844.94
1.0918,0.1123,-0.0239,27.195,-5.793,23.476,1.0978,100845.36
1.083,0.1665,0.0391,38.537,-26.341,23.354,1.0964,100845.44
1.1499,0.2114,0.082,39.817,-21.341,-1.159,1.1721,100845.26
1.23,0.1167,-0.2471,17.439,-33.841,-14.878,1.26,100844.96
1.1787,0.0791,-0.061,42.622,-20.854,-10.183,1.1829,100845.24
0.8931,0.0215,0.1763,43.11,28.902,3.963,0.9105,100845.09
0.5366,-0.0742,0.0713,12.805,33.354,19.573,0.5464,100844.35
0.564,-0.1367,0.1157,-9.024,15.122,15.854,0.5917,100843.55
0.8169,-0.1523,0.0952,-38.537,-4.512,16.951,0.8364,100844.56
0.9375,-0.1084,0.1929,-44.39,-19.756,18.293,0.9633,100843.48
1.2246,-0.1025,0.1553,-58.537,2.561,-1.402,1.2387,100842.43
1.1816,-0.1187,-0.1284,-53.232,0.976,-5.183,1.1945,100842.26
1.189,-0.0186,0.1548,-10.793,16.585,-40.549,1.1991,100841.87
1.4468,0.1123,0.3994,-16.585,40.671,-69.878,1.5051,100842.2
1.2471,0.0581,-0.1201,-56.28,25.183,-15.854,1.2542,100840.97
0.5103,0.0186,-0.4194,-26.463,29.756,48.78,0.6608,100841.39
0.2036,0.0039,-0.0967,25.122,58.659,27.683,0.2254,100841.11
0.8296,0.1309,0.2114,23.293,9.39,-20.366,0.8661,100841.52
1.0869,0.2168,0.2095,-2.561,-76.22,-29.512,1.1279,100841.8
1.2944,0.1343,-0.1543,-9.939,-85.732,-40.122,1.3105,100840.8
1.5161,0.1118,-0.4512,23.78,-52.622,-16.463,1.5858,100840.93
0.9551,0.168,-0.0103,88.78,4.024,12.683,0.9698,100840.63
0.5972,-0.0483,-0.377,-57.317,33.841,40.0,0.7078,100839.52
0.5322,-0.1802,-0.1821,-31.463,-1.768,30.183,0.5907,100840.08
0.9717,-0.0205,0.0923,-29.39,-29.085,1.951,0.9763,100839.77
1.3438,0.0718,0.4106,-41.585,-79.695,-6.463,1.4069,100839.05
1.5337,-0.0176,0.0083,-89.939,-47.378,-5.976,1.5338,100839.38
1.0791,-0.1235,-0.2998,-67.134,8.598,7.5,1.1268,100839.5
1.0054,-0.0283,0.0059,-24.39,52.988,-30.0,1.0058,100839.57
1.0835,0.041,0.0415,-29.024,62.561,-42.439,1.0851,100839.52
0.7207,0.0356,-0.1562,-22.561,40.305,-0.183,0.7383,100839.86
0.4404,-0.0146,-0.0723,7.622,29.024,13.049,0.4466,100838.24
0.7915,0.0029,0.2124,23.354,-1.098,-6.707,0.8195,100838.39
1.3638,0.2197,0.4531,-1.22,-51.098,1.463,1.4538,100837.88
1.395,0.2065,0.1406,-44.329,-78.78,34.207,1.4172,100837.38
1.0762,0.0938,-0.2407,-37.5,-69.39,53.72,1.1067,100838.1
0.7681,0.0874,-0.1074,-5.427,-30.854,37.622,0.7805,100837.77
0.7495,0.0972,0.2788,-1.037,17.439,-14.512,0.8056,100837.51
0.9585,0.1318,0.396,-36.951,57.561,-33.72,1.0454,100836.96
0.7769,0.0337,-0.0488,-79.146,60.061,11.098,0.7791,100837.17
0.7017,-0.1665,-0.0278,-76.89,7.683,39.756,0.7217,100837.21
1.1313,-0.146,-0.0181,-94.512,-37.134,22.073,1.1409,100836.73
1.0874,-0.1812,-0.1616,-100.732,-21.707,12.012,1.1142,100836.62
1.0312,-0.2188,-0.1465,-84.451,-0.549,-4.695,1.0643,100836.91
1.0273,-0.1343,0.1558,-64.207,15.61,-23.598,1.0477,100836.28
1.2954,0.1084,0.4106,-98.963,-27.622,-91.951,1.3633,100836.05
1.5957,0.103,-0.1475,-141.768,-20.427,-77.317,1.6058,100837.13
1.0415,-0.1006,-0.5576,-99.878,1.159,5.671,1.1857,100837.09
0.377,-0.1494,-0.2363,-28.537,42.195,36.098,0.4693,100836.16
0.2783,-0.1167,0.1523,-11.22,56.22,-3.232,0.3381,100835.84
0.8467,0.0361,0.6978,-17.927,16.707,-52.439,1.0977,100836.1
1.3154,0.2231,1.1431,-76.402,-27.866,-52.622,1.7569,100836.67
1.228,0.1528,0.394,-203.78,-88.293,-11.037,1.2987,100835.48
0.9849,-0.0356,-0.5762,-213.293,-127.927,28.354,1.1416,100835.25
0.9277,-0.04,-0.0024,-86.89,-72.622,23.293,0.9286,100835.66
0.7275,0.0576,0.3281,-81.829,-11.524,11.707,0.8002,100835.47
0.5713,0.0674,0.3037,-118.72,-13.11,9.878,0.6505,100834.48
0.7842,0.0625,0.1191,-153.659,-28.902,13.354,0.7956,100834.84
0.7363,-0.0405,-0.2812,-160.244,-15.976,38.72,0.7893,100834.24
0.7363,-0.0405,-0.2812,-160.244,-15.976,38.72,0.7893,100833.91
0.5454,-0.0996,0.0571,-123.049,-5.122,35.061,0.5574,100833.41
0.9941,-0.0562,0.1416,-134.512,-15.366,0.549,1.0057,100833.66
1.2017,-0.1421,-0.0679,-146.159,-40.488,1.463,1.2119,100834.23
1.1636,-0.1763,-0.293,-134.268,-22.561,6.463,1.2128,100834.64
1.0317,-0.0889,-0.293,-89.451,1.646,1.28,1.0762,100835.1
1.0688,-0.041,-0.1597,-65.976,32.195,-13.72,1.0815,100836.27
0.9473,-0.0239,-0.0171,-62.073,44.939,-11.707,0.9477,100836.29
0.9834,0.0708,0.1108,-78.78,18.537,-7.683,0.9922,100836.42
0.8813,0.0229,-0.0605,-95.061,26.037,10.427,0.8837,100836.29
0.626,0.0132,-0.1035,-81.707,44.817,24.573,0.6346,100836.43
0.8052,0.0791,0.0811,-68.78,34.146,-1.28,0.8131,100836.41
1.125,0.0327,0.1016,-79.146,-16.585,-13.049,1.13,100836.04
1.3198,0.0889,0.0908,-74.329,-68.293,3.354,1.3259,100835.88
1.3931,0.1592,0.1401,-62.927,-54.512,12.378,1.4091,100835.86
1.4229,0.1416,0.166,-56.22,-36.707,22.439,1.4395,100836.6
1.1738,0.1401,0.1494,-45.915,-36.463,40.549,1.1916,100836.89
0.9062,0.106,0.1714,-41.646,-6.951,29.634,0.9284,100837.88
0.6758,0.0664,0.0225,-54.878,-6.28,11.22,0.6794,100837.86
0.6079,0.0469,-0.2354,-53.841,-25.915,-2.622,0.6536,100837.59
0.5884,0.0454,-0.0557,-34.939,-15.0,-13.537,0.5927,100837.4
0.7368,0.0503,0.0317,-52.073,13.537,-20.61,0.7392,100837.0
0.9297,0.0288,-0.0146,-73.11,-7.073,2.561,0.9302,100837.06
1.0562,-0.0107,0.186,-64.207,-13.415,12.683,1.0725,100837.7
1.2153,-0.104,0.0933,-63.354,17.683,6.89,1.2233,100837.95
0.7852,-0.1323,-0.3115,-34.085,1.585,19.329,0.855,100837.17
1.0054,0.0459,0.1733,16.098,-24.024,-33.171,1.0212,100838.77
1.3696,0.104,0.0444,-12.317,-6.402,-57.134,1.3743,100839.52
0.9253,-0.043,-0.2378,-22.439,-5.793,-6.89,0.9563,100839.3
0.6919,-0.1274,-0.1182,-8.049,14.756,15.061,0.7134,100839.63
0.5977,-0.1226,0.2744,1.585,54.146,19.268,0.669,100840.12
0.9663,0.0571,0.1504,-37.378,4.268,23.537,0.9796,100839.88
1.1699,0.0547,-0.1055,-51.585,-39.39,26.646,1.1759,100840.31
1.0078,0.0732,-0.2568,-11.402,6.89,4.329,1.0426,100840.04
1.4331,0.3462,0.3267,28.963,21.159,-39.756,1.5101,100840.56
0.813,0.0898,-0.3228,-48.78,31.22,25.0,0.8793,100841.65
0.4038,-0.0049,-0.1694,-27.988,5.549,40.061,0.4379,100841.02
0.667,-0.123,-0.0259,-51.159,4.329,7.744,0.6787,100840.92
1.0161,-0.125,-0.0059,-53.415,-9.085,2.195,1.0238,100840.73
1.1094,-0.1792,0.1055,-17.378,-14.451,-3.232,1.1287,100839.98
1.2109,-0.0039,0.1855,-6.524,2.317,-37.256,1.2251,100840.26
1.5581,0.1709,0.2051,-14.878,-16.585,-61.22,1.5808,100840.73
1.5889,0.0464,-0.0425,-21.89,9.451,-38.415,1.5901,100840.96
1.0044,0.0205,-0.3066,-2.744,29.573,24.634,1.0504,100841.0
0.3022,0.0098,-0.3174,27.805,23.963,63.049,0.4384,100841.03
0.2539,0.0356,0.061,42.439,2.195,40.61,0.2636,100841.81
1.0342,0.2188,0.5845,18.537,-38.598,-0.61,1.2079,100842.11
1.1519,0.0659,0.0796,-35.488,-41.89,1.159,1.1565,100841.87
1.1382,-0.0659,-0.1533,-10.122,-36.89,-20.671,1.1504,100841.92
1.563,0.0845,0.2129,30.061,-10.183,-41.28,1.5797,100842.33
1.04,0.0225,-0.0063,5.488,12.256,10.305,1.0403,100842.41
0.2383,-0.0391,-0.4282,-8.293,9.024,58.171,0.4916,100841.84
0.3276,0.0303,0.1245,14.573,7.5,20.122,0.3518,100843.52
1.5244,0.1226,0.7646,2.317,1.402,-57.195,1.7098,100843.66
1.6567,-0.0303,-0.0557,-80.427,18.841,-20.793,1.6579,100842.89
0.7148,-0.1753,-0.6221,-18.11,-32.622,46.037,0.9637,100843.56
1.0229,-0.0078,0.2368,75.793,-6.829,-19.878,1.05,100844.67
1.2358,0.0386,0.0342,39.634,45.427,-35.427,1.2369,100844.76
0.6201,0.0,-0.1343,28.598,17.134,25.0,0.6345,100844.84
0.6724,-0.0713,0.0781,18.598,6.22,19.573,0.6806,100845.48
1.1606,0.0161,0.1421,-2.073,-11.341,14.573,1.1694,100845.99
0.998,0.0205,-0.2451,-8.659,-33.171,31.037,1.0279,100846.59
0.9648,0.0669,0.0391,40.732,-27.927,-14.573,0.9679,100847.3
1.5884,0.2637,0.604,55.305,18.659,-67.073,1.7197,100846.96
1.2988,0.1758,0.355,-4.634,55.305,-22.5,1.3579,100847.81
0.4385,-0.0396,-0.2886,-45.305,36.341,34.634,0.5264,100847.86
0.4287,-0.1001,-0.0977,-26.159,10.305,15.0,0.4509,100849.0
1.085,0.0913,0.2734,-18.232,-15.976,-14.939,1.1226,100849.09
1.5234,0.0259,0.3149,-45.793,-25.732,-16.646,1.5559,100848.32
1.167,-0.1636,-0.3306,-58.78,-6.646,-2.622,1.2239,100848.36
1.0713,-0.0752,-0.2173,15.488,-7.134,-24.024,1.0957,100849.73
1.5029,0.0259,0.168,44.207,7.256,-45.122,1.5125,100850.51
1.0234,-0.04,-0.4038,18.902,23.659,21.951,1.1009,100849.59
0.0176,-0.082,-0.3428,57.927,43.049,75.854,0.3529,100849.66
0.5049,0.1621,0.7305,77.317,27.256,14.085,0.9026,100850.59
1.252,0.1597,0.9463,-16.524,-26.098,-15.488,1.5774,100850.67
0.8462,-0.0952,-0.3389,-116.951,-56.28,-4.207,0.9165,100850.48
1.1489,-0.04,-0.1606,-26.646,-63.963,-51.402,1.1608,100850.95
1.5527,0.0801,0.3037,5.854,10.122,-56.768,1.5842,100851.53
0.6724,0.0259,-0.0474,-35.366,34.817,36.951,0.6745,100851.25
0.188,-0.0278,0.0303,-40.549,2.988,54.085,0.1924,100851.38
0.9243,0.103,0.2173,-50.366,-13.902,-7.5,0.9551,100851.98
1.6211,0.0527,0.2881,-60.549,-35.427,-34.573,1.6473,100852.92
1.5674,-0.0347,-0.1572,-78.476,-26.402,-31.524,1.5756,100852.88
1.4058,-0.1128,-0.3223,-55.244,-30.305,-34.268,1.4466,100852.98
1.354,-0.0571,-0.2129,-22.622,-9.207,-36.463,1.3718,100853.81
0.937,0.0376,0.0391,-6.28,12.5,-8.841,0.9386,100853.2
0.7031,-0.1016,-0.1787,-28.78,7.5,18.415,0.7326,100853.61
0.5903,-0.061,-0.0254,-18.11,-13.963,36.829,0.594,100852.94
0.9561,0.2646,0.542,-8.171,-31.89,31.22,1.1304,100854.14
0.979,0.0317,0.1489,-83.537,-7.805,22.256,0.9908,100854.31
0.6631,-0.0962,-0.1494,-88.902,-13.902,-7.683,0.6865,100854.08
1.3218,0.0894,0.3936,-41.524,-5.061,-77.012,1.382,100854.77
1.5029,0.124,0.2729,-85.122,30.0,-57.439,1.5325,100854.91
0.7759,-0.042,-0.3198,-119.878,13.902,35.671,0.8403,100855.62
0.4639,-0.0439,-0.0679,-92.134,-7.5,62.012,0.4709,100855.79
0.9028,-0.0083,0.3545,-87.927,-37.866,30.976,0.97,100855.91
1.5718,-0.2544,0.4043,-139.207,-47.073,12.805,1.6428,100856.12
1.2183,-0.522,-0.1777,-174.939,-27.073,32.988,1.3372,100855.77
1.0742,-0.377,-0.0312,-104.878,-4.207,-14.756,1.1389,100856.15
1.8071,-0.0547,0.6333,-90.732,22.439,-81.707,1.9157,100856.29
1.4482,0.0083,-0.0371,-156.585,10.183,-23.354,1.4487,100856.18
0.7949,-0.0298,-0.1318,-134.695,3.11,15.732,0.8063,100856.81
0.6646,-0.0176,0.0752,-110.915,22.439,-5.854,0.669,100857.42
0.8159,0.0488,0.377,-109.695,29.817,-22.927,0.9001,100857.12
1.0024,0.0791,0.5234,-147.744,9.146,-21.768,1.1336,100856.54
1.3896,0.1611,0.4102,-197.073,-36.646,-2.561,1.4578,100856.23
1.0439,0.1055,-0.0366,-216.28,-49.268,42.134,1.0499,100857.48
0.7886,-0.0488,-0.0415,-177.256,-45.488,20.671,0.7912,100857.31
1.46,0.1333,0.1738,-62.561,-40.366,-17.134,1.4763,100856.72
1.1392,0.0361,-0.2124,-77.012,-28.171,12.439,1.1594,100855.88
1.0288,0.0562,-0.0083,-47.866,-4.817,12.927,1.0304,100856.12
0.9233,0.0693,0.0664,-52.317,22.012,17.195,0.9283,100857.28
0.8193,0.0396,0.106,-59.817,22.012,26.585,0.8271,100857.53
1.0532,0.0278,0.3022,-71.22,4.695,22.256,1.0961,100856.84
1.2212,0.0635,0.1943,-113.171,-11.829,32.988,1.2382,100854.75
0.9409,0.0239,-0.168,-123.171,-32.927,50.854,0.9561,100854.54
0.9878,0.0107,0.1191,-90.305,-39.451,17.256,0.995,100854.22
1.5469,0.0835,0.0679,-94.146,-42.683,-16.585,1.5506,100854.5
1.3442,0.0244,-0.063,-72.744,-11.646,7.195,1.3459,100852.97
0.8516,0.0112,-0.0288,-26.829,34.39,6.463,0.8521,100852.7
0.7842,0.0698,0.3062,-2.622,76.341,-29.939,0.8447,100852.49
0.7627,0.1045,0.1904,-34.695,57.561,-33.415,0.793,100852.81
0.6582,0.0718,-0.0625,-54.39,-7.439,-13.476,0.665,100853.91
0.7656,0.1128,-0.0469,-42.805,-26.341,-10.183,0.7753,100853.76
1.2041,0.2144,-0.0615,-31.463,-38.293,-17.256,1.2246,100853.66
1.3354,0.2539,0.1401,-8.598,-37.866,4.207,1.3666,100853.81
1.2256,0.1987,-0.1548,-24.329,-36.463,18.354,1.2512,100854.3
1.0171,0.1338,-0.3726,-8.902,-43.476,18.049,1.0914,100853.56
1.1226,0.1201,0.1138,32.927,-8.049,0.488,1.1347,100853.38
0.9067,0.083,0.1392,11.707,44.573,27.195,0.9211,100853.37
0.4268,-0.0039,-0.0229,-18.232,44.512,59.207,0.4274,100853.47
0.6851,-0.0737,0.1357,-33.11,33.659,28.354,0.7023,100852.3
0.8442,-0.0488,0.0518,-61.341,2.622,11.585,0.8472,100851.09
0.9116,0.0527,0.3022,-54.817,-101.646,-19.451,0.9619,100850.27
1.7808,0.127,-0.0679,-92.134,-137.256,-77.622,1.7866,100849.8
1.7803,-0.0381,-0.6191,-58.232,-45.122,-54.878,1.8852,100850.45
1.2031,-0.021,-0.2324,28.598,69.207,-27.744,1.2255,100850.33
0.7944,0.0977,0.0586,47.744,107.012,-5.976,0.8026,100849.35
0.2998,0.1035,0.1309,32.622,62.256,27.073,0.3431,100848.85
0.4756,0.0327,0.2412,4.695,-54.512,16.402,0.5343,100850.09
1.6128,0.1094,-0.2217,-46.098,-67.5,-12.195,1.6316,100848.94
0.7349,0.0713,-0.2285,1.341,3.11,45.305,0.7729,100848.21
0.7363,0.0391,-0.0815,32.378,8.902,5.366,0.7419,100848.0
1.127,0.1357,-0.0605,18.354,-12.012,-22.439,1.1367,100848.59
1.1455,0.0815,-0.1079,16.707,6.037,-13.232,1.1535,100848.16
0.9917,0.0825,-0.2495,18.293,68.415,18.963,1.0259,100846.98
0.417,0.0024,0.0571,32.073,67.561,58.963,0.4209,100847.56
0.8032,-0.0176,0.3379,-7.5,20.122,23.78,0.8716,100848.77
1.1694,0.0786,0.1509,-61.646,-27.622,7.744,1.1817,100847.7
1.2227,0.0415,0.1064,-71.951,-48.232,-3.902,1.228,100846.64
1.3394,-0.0483,-0.4028,-64.512,-20.793,-31.707,1.3995,100847.58
1.2734,-0.0376,-0.1895,11.829,13.902,-46.098,1.288,100846.79
1.2358,0.064,0.1724,43.537,66.098,-55.976,1.2494,100846.47
0.8081,0.0244,-0.0308,34.024,70.793,-7.317,0.8091,100845.23
0.8491,0.2012,0.3657,37.988,-13.902,-6.524,0.9462,100844.34
1.667,0.1958,0.1738,-11.463,-47.622,-12.683,1.6874,100843.99
0.9976,0.1382,-0.1582,-0.915,-36.037,35.183,1.0194,100843.86
0.9541,0.1797,-0.0908,30.732,-32.744,13.354,0.9751,100843.52
1.0762,0.1602,0.0757,46.341,-4.268,-11.89,1.0907,100843.75
1.02,0.022,0.3262,41.402,37.317,-13.049,1.0711,100844.91
0.6694,-0.0415,0.1792,-1.829,60.854,17.927,0.6942,100844.91
0.3662,-0.0552,0.1001,-26.402,46.22,37.683,0.3836,100844.68
0.7134,-0.0601,0.2549,-54.695,22.683,4.817,0.7599,100845.24
1.2222,0.085,-0.002,-96.707,-14.939,4.512,1.2251,100845.07
1.0776,-0.0381,-0.0615,-62.378,-34.39,25.0,1.0801,100844.42
1.4922,-0.0479,-0.0186,-32.195,-10.488,0.61,1.4931,100844.55
1.3667,-0.0391,-0.0776,-3.659,-1.89,13.354,1.3695,100844.66
0.9756,-0.085,0.0024,36.829,37.866,-5.549,0.9793,100844.49
0.8135,-0.0293,0.2412,60.061,52.195,-31.463,0.849,100844.0
0.7788,0.1201,0.3506,47.195,47.439,-25.427,0.8625,100843.99
0.7109,0.2041,0.353,16.22,6.037,-3.841,0.8196,100843.36
1.2075,0.1709,0.1943,-32.378,-45.488,-13.232,1.2349,100843.27
1.1768,0.0791,-0.5049,-42.5,-61.402,8.293,1.2829,100842.32
0.9614,0.1157,0.0205,51.646,-14.634,2.683,0.9686,100841.62
1.2925,0.1963,0.4502,66.585,18.902,-22.927,1.3826,100841.97
1.2407,0.0557,0.3125,28.963,12.866,7.012,1.2807,100840.98
0.6885,-0.0684,-0.0957,-2.378,29.939,36.829,0.6984,100841.0
0.5527,-0.0322,0.0435,8.963,24.756,26.463,0.5554,100841.14
0.9585,-0.0107,0.4043,-9.268,0.183,16.402,1.0403,100840.62
0.8818,0.0151,0.2769,-67.256,-30.915,32.805,0.9244,100839.62
1.1714,0.0605,0.1294,-89.512,-71.22,7.5,1.1801,100838.99
1.248,-0.0938,-0.3423,-92.683,-43.11,-2.927,1.2975,100839.02
0.7998,-0.1768,-0.3364,-32.927,-13.354,1.037,0.8855,100839.29
0.9277,-0.0239,0.2729,22.073,30.488,-56.524,0.9673,100839.5
0.9966,-0.0078,0.248,4.329,47.805,-75.488,1.027,100840.13
0.646,-0.0107,0.0718,5.976,27.5,-43.415,0.6501,100839.75
1.0488,0.0757,0.457,20.488,20.305,-48.78,1.1466,100839.47
1.2725,0.0508,0.2573,-38.171,-13.232,-4.817,1.2992,100839.98
0.8999,0.0684,-0.4102,-51.463,-70.183,61.89,0.9913,100839.01
1.1592,0.1431,0.0239,53.476,-16.829,25.122,1.1682,100839.03
1.5332,0.2124,0.606,53.78,13.902,13.11,1.6622,100837.92
1.0078,0.0415,-0.2852,-25.549,-44.878,56.341,1.0482,100837.34
0.7358,-0.0376,0.146,23.659,-0.061,32.622,0.7511,100837.05
0.7148,0.0522,0.2979,7.744,58.476,11.524,0.7762,100836.8
0.397,0.0146,0.1641,-35.854,25.915,29.024,0.4298,100836.26
0.6885,-0.1177,0.3047,-67.744,-15.61,1.037,0.762,100835.83
1.0352,-0.1226,0.1323,-113.537,-59.024,-8.902,1.0508,100835.78
1.2427,-0.1626,-0.0576,-114.817,-72.744,-1.28,1.2546,100836.0
1.2715,-0.2036,-0.0371,-89.39,6.524,-4.085,1.2882,100837.02
0.8042,-0.1924,-0.0669,-53.171,34.756,-5.427,0.8296,100836.93
1.001,-0.0244,0.4033,-26.646,36.159,-69.573,1.0795,100836.88
1.5488,0.0039,0.3789,-60.61,32.927,-95.183,1.5945,100837.05
0.9995,-0.0151,-0.1147,-88.11,6.585,-19.451,1.0062,100836.46
0.4399,-0.0361,-0.1025,-50.732,14.878,-5.183,0.4532,100836.15
1.0542,-0.0625,0.3149,-33.902,-5.366,-48.415,1.102,100836.16
1.0327,-0.0557,0.311,-84.695,-38.049,-2.012,1.08,100835.66
0.52,-0.0518,0.0957,-100.732,-33.354,32.012,0.5313,100834.69
0.8599,0.0337,0.5005,-75.061,-32.561,-4.39,0.9955,100834.31
1.105,0.043,0.5063,-124.024,-62.988,4.573,1.2162,100834.66
1.0327,-0.0342,-0.0195,-168.293,-71.646,24.512,1.0335,100834.04
0.9194,-0.0659,-0.0137,-124.695,-35.732,15.488,0.9219,100834.7
0.8765,0.0303,0.3315,-111.159,6.646,-0.854,0.9376,100834.95
0.9443,0.0645,0.1196,-150.122,17.622,9.024,0.9541,100835.12
0.7383,0.0117,-0.1528,-160.488,6.829,45.549,0.754,100835.01
0.583,-0.0718,-0.0923,-137.134,6.159,48.476,0.5946,100834.56
0.9106,-0.1172,0.2217,-125.366,12.439,17.134,0.9445,100834.95
1.1997,-0.1309,0.2949,-148.659,-3.72,10.976,1.2423,100835.29
1.0044,-0.2617,-0.0586,-177.256,-19.024,12.317,1.0396,100834.39
0.9185,-0.3418,-0.1528,-140.61,-4.512,-23.537,0.9918,100835.2
1.3555,-0.2412,0.1304,-105.366,2.805,-56.463,1.3829,100835.55
1.2407,-0.2295,-0.1533,-108.78,13.415,-18.902,1.271,100835.93
0.6631,-0.1792,-0.2314,-76.707,40.61,18.354,0.7248,100835.61
0.6543,-0.0835,0.0859,-57.073,43.841,-1.768,0.6652,100835.25
0.8232,-0.0586,0.144,-81.829,18.476,-14.939,0.8378,100835.96
0.8101,-0.0342,0.2266,-98.78,-21.28,-6.829,0.8418,100836.63
1.0283,0.0942,0.4976,-107.5,-9.878,-23.537,1.1462,100836.02
0.9263,0.1147,0.1748,-152.439,-9.756,-2.561,0.9496,100835.77
0.7979,0.0659,-0.1108,-136.463,-59.329,18.049,0.8082,100836.0
1.1118,0.1484,0.2925,-83.598,-10.488,-25.366,1.1592,100836.27
1.4761,0.228,0.3174,-85.732,2.195,-42.5,1.5269,100836.23
1.3789,0.2969,0.0308,-88.78,-26.159,-8.049,1.4108,100835.84
1.166,0.1943,-0.1187,-66.707,2.073,10.61,1.188,100836.52
0.729,0.0864,-0.1187,-37.012,36.22,19.878,0.7436,100835.91
0.3789,0.043,0.0952,-18.415,67.622,4.39,0.393,100836.08
0.3169,-0.0557,0.23,-28.902,60.732,-24.695,0.3955,100836.59
1.019,-0.019,0.2168,-62.256,0.854,-43.537,1.042,100836.33
1.146,0.1323,0.0195,-87.256,-37.256,-0.61,1.1538,100835.89
0.9541,0.0366,0.0864,-64.024,-17.988,7.988,0.9587,100836.06
1.1187,0.0254,0.1147,-41.463,-18.537,-18.354,1.1248,100835.58
1.272,0.0854,0.2148,-29.329,-40.061,-35.61,1.2928,100836.68
1.6094,0.02,-0.0947,-25.244,-4.939,-40.854,1.6123,100837.51
1.1406,0.0381,0.0586,23.841,51.28,5.61,1.1428,100838.01
0.8008,0.0664,0.3794,31.951,58.11,24.817,0.8886,100837.64
0.6055,-0.0698,0.3438,-22.317,24.329,32.012,0.6997,100838.11
0.6265,-0.022,0.0742,-56.159,-24.451,40.427,0.6312,100839.56
0.8369,0.0996,0.0283,-50.61,-54.329,34.085,0.8433,100838.95
0.9307,0.0552,-0.0234,-35.122,-44.268,12.256,0.9326,100838.97
1.1567,0.0718,0.1514,-8.415,-39.512,-17.439,1.1688,100838.48
1.436,0.1553,0.3032,-10.793,-19.085,-31.768,1.4759,100838.61
1.2144,0.0791,0.082,-33.354,-2.683,0.976,1.2197,100838.7
0.6982,0.042,-0.1494,-39.024,29.085,35.976,0.7153,100838.9
0.2686,-0.0195,-0.1948,-30.183,42.622,47.134,0.3324,100838.91
0.2637,-0.0435,0.1831,-6.28,2.134,13.72,0.3239,100839.79
1.5908,0.0918,0.6807,-13.72,-13.659,-71.524,1.7328,100839.59
2.0601,-0.0879,-0.0308,-67.5,29.268,-53.232,2.0622,100840.3
1.124,-0.1685,-0.3286,-8.354,44.451,28.049,1.1831,100840.45
0.5801,0.0366,0.1997,61.585,61.22,19.329,0.6146,100841.93
0.6753,0.0757,0.5894,49.024,19.024,-12.256,0.8995,100843.27
0.7515,-0.0078,0.2495,-16.951,-37.195,-2.134,0.7918,100843.54
0.6309,-0.0654,0.0254,-33.476,-46.341,11.463,0.6348,100843.87
1.1123,0.1167,0.5596,-4.268,-70.061,-0.915,1.2506,100843.38
1.1094,0.0615,0.1274,-52.317,-47.5,0.488,1.1184,100842.53
0.9917,-0.0542,-0.3486,-40.549,-32.439,-21.22,1.0526,100843.12
1.4976,0.1509,0.1465,20.976,-8.537,-58.415,1.5123,100842.94
1.3813,0.1895,0.1353,9.207,43.354,-22.744,1.4008,100843.27
0.5352,0.0059,-0.1787,-9.512,44.756,39.085,0.5642,100843.41
0.4839,-0.0781,0.0093,-2.927,12.378,32.561,0.4902,100843.64
1.0605,0.0508,0.3809,-7.195,-15.366,11.829,1.128,100844.2
1.2241,0.0728,0.1748,-29.329,-23.72,13.415,1.2387,100844.59
1.105,-0.1011,0.0073,-12.073,-7.317,-16.951,1.1096,100845.88
1.5596,-0.019,0.2378,16.22,-1.22,-57.805,1.5777,100846.11
1.4536,-0.0068,-0.0903,11.159,0.427,-22.073,1.4564,100847.25
0.6968,0.0093,-0.2686,42.561,13.78,28.598,0.7468,100846.38
0.5889,0.0469,0.0239,67.317,21.524,22.927,0.5912,100846.84
0.6318,-0.0156,0.2964,48.293,3.902,25.549,0.6981,100847.05
0.8809,0.0864,0.6445,19.39,-33.598,23.598,1.0949,100846.35
1.1982,0.1162,0.1919,-52.073,-33.049,16.707,1.2191,100846.7
0.7866,-0.1084,-0.6763,-45.854,-39.817,22.439,1.043,100847.59
1.1016,0.0562,0.1162,59.756,-14.573,-29.695,1.1091,100848.02
1.4409,0.1494,0.5298,51.524,67.012,-41.402,1.5425,100848.67
0.604,0.0459,0.2144,-9.939,45.183,33.963,0.6426,100849.54
0.4546,-0.0522,0.0103,-52.012,5.122,39.634,0.4577,100849.58
0.9858,-0.02,0.0596,-51.22,-28.415,11.768,0.9878,100849.85
1.2939,-0.0566,0.0835,-31.22,-32.805,-4.817,1.2979,100848.79
1.1719,-0.1416,-0.062,-4.451,-6.159,-11.89,1.182,100849.02
1.1738,0.0093,0.2959,42.073,-1.22,-34.695,1.2106,100850.78
1.4453,0.0317,0.2983,24.146,24.329,-48.537,1.4761,100850.86
0.9336,-0.0215,-0.0952,3.049,30.366,0.732,0.9387,100851.42
0.6714,-0.0337,-0.0464,9.329,12.5,24.817,0.6738,100851.11
0.7168,-0.0864,0.0322,-0.793,2.866,28.11,0.7227,100851.11
0.8247,0.0342,0.2979,-4.878,-43.963,34.573,0.8775,100851.85
1.1084,0.0581,0.4409,-38.232,-38.354,-0.122,1.1943,100850.66
1.1069,-0.0732,-0.2222,-71.28,-22.805,-30.732,1.1314,100851.37
1.2852,0.0518,0.0625,-27.012,-34.39,-49.695,1.2877,100851.66
1.2568,0.1914,0.1411,-41.22,-6.646,-45.366,1.2791,100851.52
0.9932,0.062,-0.3286,-72.744,10.549,-3.72,1.048,100851.15
0.5327,-0.0693,-0.437,-56.829,19.146,41.28,0.6925,100851.38
0.2168,-0.0732,-0.0942,-20.061,37.622,37.195,0.2475,100851.66
0.8569,0.0244,0.6045,1.463,-20.244,-24.085,1.049,100851.38
1.4844,0.0635,0.7705,-60.061,-55.183,-54.207,1.6736,100852.91
1.4619,0.0635,-0.2524,-132.805,-61.646,-41.22,1.4849,100853.68
1.4233,-0.0029,-0.5073,-88.963,-64.634,-31.707,1.5111,100854.38
1.3677,-0.0073,-0.3232,-40.061,-16.89,-25.0,1.4054,100855.52
0.7793,-0.0562,0.0801,-35.61,46.341,12.866,0.7854,100856.49
0.5757,-0.1733,-0.063,-56.402,15.366,26.524,0.6045,100855.51
0.7222,-0.0317,0.271,-44.817,-20.793,24.207,0.772,100855.86
1.0869,0.1235,0.5908,-79.329,-38.598,11.524,1.2433,100855.75
1.0386,-0.0908,-0.0186,-131.524,-12.927,6.829,1.0427,100856.05
0.9858,-0.0928,0.0854,-95.732,0.549,-19.085,0.9939,100855.41
1.5352,0.2427,0.4824,-89.939,22.439,-67.134,1.6274,100854.83
1.292,0.2261,0.1055,-135.549,44.024,-32.683,1.3159,100855.98
0.5557,0.1538,-0.0654,-132.317,31.707,31.829,0.5803,100856.58
0.3066,0.1064,0.0405,-121.707,28.476,36.524,0.3271,100856.92
0.6343,0.0596,0.3252,-131.341,20.854,2.622,0.7153,100856.93
0.7524,-0.0518,0.4038,-172.866,-22.927,1.585,0.8555,100857.19
0.8291,-0.2651,-0.1699,-205.427,-74.634,-11.707,0.8869,100857.38
1.188,-0.1157,-0.0332,-122.012,-29.268,-54.085,1.1941,100857.76
1.8169,0.2046,0.6626,-74.451,-17.805,-107.195,1.9447,100857.2
2.4785,0.0215,0.1113,-155.0,-22.5,-103.171,2.4811,100857.52
1.6206,-0.2046,-0.5444,-151.585,-9.268,9.207,1.7218,100857.5
0.7734,-0.0713,-0.1274,-72.988,45.244,48.72,0.7871,100857.48
0.499,0.0308,0.3516,-50.976,56.585,27.622,0.6112,100857.98
0.5815,-0.0049,0.2397,-88.963,-4.024,5.305,0.629,100857.98
0.9834,0.0063,0.4019,-103.598,-45.793,-15.976,1.0624,100857.61
1.1802,0.0396,0.6504,-111.463,-26.829,-16.951,1.3481,100857.95
1.1055,0.0459,0.3193,-134.695,-69.817,-4.39,1.1516,100858.09
1.2954,0.1445,0.2139,-132.317,-96.402,-18.476,1.3209,100859.06
1.2607,-0.0576,-0.2891,-74.39,-23.293,0.854,1.2947,100858.16
1.1812,0.0913,0.3628,-27.561,39.512,4.085,1.239,100857.01
1.1963,0.1958,0.4639,-68.963,77.439,15.366,1.2979,100857.03
0.7061,0.0078,-0.124,-121.463,55.793,57.073,0.7169,100857.17
0.3779,-0.1968,-0.0732,-95.854,50.061,45.61,0.4323,100856.65
0.7158,-0.1514,0.2612,-81.341,56.768,0.183,0.7769,100856.52
0.8896,-0.0581,0.5049,-92.256,-7.622,-3.598,1.0246,100855.79
1.0781,-0.0332,0.519,-110.427,-49.024,-23.841,1.197,100855.49
1.5625,-0.0093,0.2183,-113.598,-56.28,-50.061,1.5777,100855.63
1.5103,0.0342,0.1846,-65.671,-21.098,-43.72,1.5219,100856.59
1.3193,0.0752,0.2295,-25.793,40.488,-41.341,1.3413,100856.84
0.8438,0.0591,0.1445,-10.732,59.512,-14.451,0.8581,100856.26
0.5566,0.0923,0.2295,-5.0,41.402,4.939,0.6091,100856.82
0.6206,0.0859,0.1445,-28.354,1.646,-2.012,0.643,100857.11
0.8691,0.0854,-0.0093,-52.988,-63.415,-10.976,0.8734,100856.59
1.0034,0.0806,0.0396,-39.451,-95.0,-20.244,1.0074,100856.95
1.2744,0.0591,-0.2212,-7.378,-50.061,-34.207,1.2948,100856.1
1.3682,0.083,-0.0791,49.268,-17.744,-5.488,1.373,100855.47
1.1025,0.1372,0.3428,77.195,17.439,23.232,1.1627,100853.99
0.8774,0.0171,0.5044,43.963,79.939,23.598,1.0122,100854.5
0.4893,-0.0347,0.2656,-21.463,35.488,44.878,0.5578,100854.02
0.563,-0.0986,0.1899,-62.683,-21.585,26.159,0.6023,100854.02
1.0259,-0.0386,-0.0132,-93.171,-51.463,1.951,1.0267,100854.77
1.3408,0.0356,0.1514,-73.415,-78.72,-3.049,1.3498,100853.97
0.6177,-0.0508,-0.019,57.317,37.927,23.293,0.6201,100853.29
0.9082,0.1021,0.479,73.537,96.463,-29.39,1.0318,100852.87
0.5649,0.0112,0.1724,30.793,40.427,12.439,0.5908,100852.18
0.3364,0.063,0.4858,14.878,-15.366,10.061,0.5943,100852.03
1.3027,0.1289,0.2676,-45.976,-55.244,-37.317,1.3362,100851.95
1.2036,-0.0034,-0.085,-45.976,-55.915,-7.805,1.2066,100850.98
0.9561,0.0107,0.1606,5.0,-9.878,-20.549,0.9695,100851.62
1.415,0.0479,0.1987,6.159,-24.878,-41.037,1.4297,100851.26
1.1616,-0.061,-0.0181,-7.256,-2.012,-19.451,1.1634,100851.46
0.8989,-0.0156,0.0366,2.988,54.634,-3.232,0.8998,100851.02
0.6748,-0.0303,0.1318,-5.061,49.024,16.707,0.6882,100849.92
0.6772,-0.106,0.1392,-37.439,40.854,15.915,0.6995,100848.63
0.8052,-0.0654,0.0479,-56.829,5.671,11.28,0.8092,100849.25
1.4761,-0.0635,0.2827,-54.39,-15.183,-8.72,1.5042,100849.24
1.4517,-0.1313,-0.1309,-51.707,-32.439,30.122,1.4635,100849.23
0.7227,0.0259,0.2612,27.805,-16.646,27.683,0.7689,100849.84
1.2842,0.0186,0.8784,20.915,57.683,-74.512,1.556,100849.8
1.2202,-0.0649,-0.0435,-60.732,13.78,-36.646,1.2227,100849.28
0.5488,-0.0352,-0.3022,-18.415,-13.415,26.585,0.6275,100849.1
0.7041,0.0405,0.0288,35.061,13.476,15.671,0.7059,100848.23
1.0908,0.1021,-0.0503,43.476,-25.366,45.0,1.0967,100847.34
0.7432,0.0884,-0.0103,56.829,-81.037,86.402,0.7485,100847.06
0.7437,0.083,0.4897,69.817,-69.573,31.646,0.8943,100846.73
1.1816,-0.1831,-0.3945,-15.427,-64.512,18.354,1.2591,100847.32
0.8452,-0.2622,0.2197,67.744,41.341,2.012,0.9118,100846.8
0.8506,-0.1465,0.4126,38.72,96.159,-13.537,0.9567,100845.66
0.5776,-0.1885,-0.0127,-26.341,41.098,8.902,0.6077,100845.05
0.7314,-0.2168,0.1167,-35.427,-2.012,-1.402,0.7718,100844.74
1.2095,0.0679,0.2256,-55.976,-30.0,-7.683,1.2322,100844.73
1.2612,0.0132,0.0259,-85.366,-31.768,-12.866,1.2616,100843.97
1.0923,-0.187,-0.5562,-83.232,-17.195,-23.171,1.2399,100844.04
0.8301,-0.1509,-0.1411,6.159,10.305,-47.622,0.8554,100844.59
1.2485,-0.0122,0.7261,46.037,47.561,-89.024,1.4444,100844.14
1.0664,-0.0605,0.3408,-5.793,22.927,-47.073,1.1212,100844.05
0.7529,-0.1035,-0.1348,-4.817,-15.915,-2.683,0.7719,100843.84
1.0,0.0298,0.228,37.256,-10.122,-2.073,1.0261,100843.21
1.4048,0.105,0.4004,18.171,-12.805,15.183,1.4645,100843.35
0.9863,0.1606,0.041,-3.72,-34.817,55.793,1.0002,100843.56
0.8511,0.1533,-0.0186,0.549,-64.573,23.171,0.865,100842.88
1.187,0.0283,-0.2744,-12.134,-63.049,-17.012,1.2186,100842.49
1.0991,-0.0269,-0.1235,23.537,-12.622,-6.951,1.1064,100842.06
1.0,-0.0234,0.0361,29.817,57.378,12.683,1.0009,100842.5
0.5923,-0.0771,-0.1187,4.939,49.939,47.012,0.609,100841.82
0.6055,-0.2007,0.0659,-10.61,17.134,42.805,0.6413,100841.33
0.978,-0.0928,-0.0298,-45.671,-14.573,25.549,0.9829,100841.09
1.3862,-0.1006,0.0278,-59.268,-44.146,6.89,1.3902,100841.39
1.293,-0.2207,-0.3604,-50.183,-2.683,9.634,1.3603,100841.02
0.8145,-0.1836,-0.2319,23.78,20.183,18.598,0.8665,100840.98
0.7344,-0.1138,0.4336,68.476,35.488,-26.707,0.8604,100840.83
1.0283,-0.0386,0.6055,29.634,38.476,-53.598,1.194,100839.34
1.0444,-0.0483,0.3608,-22.439,36.646,-37.805,1.1061,100839.09
0.9131,-0.1602,-0.2583,-43.049,8.171,-11.463,0.9623,100839.66
0.7964,-0.0918,-0.2119,3.537,-3.537,10.183,0.8292,100839.46
0.8911,-0.0146,-0.1782,32.378,-0.549,15.305,0.9089,100840.41
1.0762,0.0229,0.1865,65.427,-26.098,11.341,1.0925,100840.77
1.2319,0.0674,0.4336,55.122,-15.549,-1.951,1.3077,100838.82
1.2676,-0.0293,-0.0078,-4.024,-16.159,-12.317,1.2679,100838.59
1.1953,-0.1387,-0.1489,4.756,-22.561,-4.329,1.2125,100837.79
1.04,-0.1138,0.2305,25.488,24.695,6.159,1.0713,100838.17
0.6973,-0.1396,0.1499,-9.146,79.146,27.439,0.7267,100838.1
0.4229,-0.2397,0.0654,-36.402,53.415,36.22,0.4905,100837.43
0.7451,-0.249,0.3027,-58.415,43.537,4.634,0.8419,100836.91
0.6826,-0.1372,0.1841,-104.756,21.22,1.22,0.7202,100837.13
0.9985,-0.1421,0.3203,-119.39,-45.976,-20.427,1.0582,100837.31
1.2207,-0.2153,0.1821,-158.049,-55.61,-30.061,1.2529,100836.19
1.0703,-0.2554,-0.1724,-137.561,-52.195,-18.476,1.1138,100835.86
1.1006,-0.1533,0.2651,-73.78,-16.768,-43.841,1.1424,100835.97
1.1914,-0.0693,0.3008,-93.72,5.793,-69.146,1.2307,100835.81
1.1089,-0.0928,-0.1177,-123.476,-3.598,-50.183,1.119,100834.96
0.9146,-0.1465,-0.2065,-87.927,6.402,-24.024,0.949,100835.32
0.8169,-0.0977,0.1836,-48.415,24.024,-20.366,0.8429,100835.2
0.8623,-0.0576,0.4717,-67.805,11.951,-13.598,0.9846,100835.12
0.8423,0.0493,0.5767,-110.244,-32.866,6.707,1.022,100835.19
0.8467,-0.0444,0.2505,-152.805,-74.634,9.451,0.8841,100835.34
0.9683,-0.2012,-0.2461,-156.22,-75.915,-7.561,1.0191,100834.84
1.0796,-0.1753,0.0322,-90.244,-26.89,-25.0,1.0942,100834.61
1.2515,-0.0024,0.3896,-74.756,28.11,-25.0,1.3107,100834.91
0.8457,0.0103,0.2749,-104.634,26.037,21.768,0.8893,100835.16
0.4492,0.0239,0.1587,-122.927,19.817,34.939,0.477,100835.96
0.6001,0.0566,0.271,-136.768,18.293,11.768,0.6609,100835.84
0.7827,0.0825,0.1665,-173.415,-5.305,9.146,0.8045,100836.23
0.8408,0.0181,-0.0435,-191.524,-28.537,10.0,0.8421,100836.88
1.3823,-0.0161,-0.0312,-169.512,-42.744,-20.427,1.3828,100837.0
1.4614,-0.1929,-0.0938,-164.085,12.5,-31.159,1.4771,100836.85
1.0464,-0.2837,-0.4668,-147.805,15.732,-8.415,1.1804,100836.37
0.8149,-0.2329,-0.3037,-96.28,-5.427,-11.829,0.9003,100835.86
0.8921,-0.0908,-0.1221,-73.415,12.256,-30.793,0.905,100835.37
0.834,0.0054,0.0513,-64.878,19.634,-14.878,0.8356,100835.38
0.8809,0.0376,0.0166,-81.829,25.549,6.341,0.8818,100835.75
0.8809,0.0361,0.1143,-97.744,5.0,19.634,0.889,100836.4
1.0269,0.0288,0.145,-112.5,-13.598,11.463,1.0374,100836.02
1.0356,0.0635,0.0645,-105.854,-38.232,14.817,1.0396,100836.24
1.0601,0.0801,0.0576,-83.598,-59.207,12.195,1.0646,100835.66
1.0044,0.0562,0.126,-65.976,-33.902,-4.268,1.0138,100835.23
1.251,0.103,0.2632,-67.012,-22.622,-19.207,1.2825,100835.63
1.189,0.042,0.0,-82.988,-25.915,-1.22,1.1897,100836.43
0.8452,-0.0171,-0.0962,-63.963,-2.073,12.195,0.8508,100836.01
0.6416,0.0229,0.1318,-46.707,26.951,4.634,0.6554,100835.48
0.5405,-0.0288,0.1138,-72.561,10.488,-1.28,0.5531,100836.04
0.7593,-0.0107,0.0713,-94.024,-13.476,5.549,0.7627,100836.6
1.043,0.0742,0.2251,-92.683,-18.963,14.939,1.0696,100836.77
1.2275,0.0122,0.1758,-87.439,-7.073,9.085,1.2401,100836.52
1.0942,-0.0913,-0.0273,-75.671,21.646,-2.073,1.0984,100836.09
0.9092,-0.084,-0.1011,-38.476,0.732,-17.683,0.9186,100836.84
1.1094,0.0098,-0.0273,-18.476,-7.5,-37.5,1.1098,100836.82
0.9805,0.0083,-0.0703,-14.451,-4.085,-5.122,0.983,100837.3
0.6675,0.0049,-0.1016,-9.695,13.293,30.122,0.6752,100837.03
1.0991,0.1772,0.2939,9.695,-0.488,22.805,1.1515,100837.81
1.3838,0.1294,0.1274,-14.634,5.976,39.024,1.3957,100838.15
0.4175,-0.0605,-0.3223,-6.89,1.22,51.646,0.5309,100837.8
0.8872,0.1045,0.2573,25.122,-4.573,-40.976,0.9297,100839.49
1.3081,0.1655,0.2183,-12.744,17.927,-67.439,1.3365,100840.41
0.8218,-0.0601,-0.0571,-38.171,20.244,-21.22,0.8259,100840.71
0.7163,-0.0308,-0.0381,-36.829,13.476,4.085,0.718,100840.32
0.6548,0.0469,-0.0474,-29.573,3.11,17.927,0.6582,100840.4
1.0537,0.0996,0.2612,-9.268,-18.049,-15.061,1.0902,100840.58
1.5601,0.0684,0.2495,-14.146,7.683,-48.72,1.5814,100840.59
1.5957,0.0015,-0.061,-10.244,18.72,-31.341,1.5969,100842.08
1.3408,0.0239,-0.0488,27.378,37.012,2.073,1.3419,100841.72
0.918,0.0537,0.2163,52.866,42.439,25.0,0.9446,100842.32
0.6665,0.0596,0.3506,29.634,4.817,21.098,0.7554,100843.77
0.79,-0.0537,-0.0879,-30.549,-14.451,5.732,0.7967,100843.62
0.7217,0.0015,-0.0762,-19.573,-52.378,22.195,0.7257,100843.88
1.0566,0.1392,0.4741,-1.037,-65.488,6.402,1.1665,100843.67
1.0498,0.0156,-0.0386,-49.207,-36.829,-9.573,1.0506,100843.66
1.1582,-0.1006,-0.4243,-28.659,-55.0,-21.585,1.2376,100844.52
1.5366,0.1123,-0.0054,19.634,-2.5,-31.037,1.5407,100845.88
1.1572,0.0869,-0.1309,13.537,70.427,16.524,1.1678,100845.33
0.3062,-0.0293,-0.2227,17.683,76.89,71.646,0.3797,100845.4
0.2739,0.0229,0.2749,29.695,67.317,53.232,0.3888,100845.09
0.8042,0.0122,0.4097,-13.72,26.037,18.415,0.9026,100844.72
1.1924,0.0054,0.5166,-49.329,-33.11,6.402,1.2995,100845.55
1.3169,-0.1543,-0.1138,-64.817,-40.793,-12.378,1.3308,100846.08
1.4644,-0.0918,0.2642,8.963,-31.159,-57.073,1.4908,100845.71
1.77,0.0327,0.1113,-16.524,-10.061,-79.451,1.7738,100845.68
0.9585,0.0986,-0.4341,-23.841,-0.061,-1.768,1.0568,100846.16
0.375,-0.0312,-0.2183,24.695,-0.854,26.89,0.435,100846.49
0.6963,-0.0024,0.0781,21.341,13.963,2.5,0.7007,100847.0
0.9302,0.0942,0.2798,-1.463,-33.659,33.841,0.9759,100846.91
0.9463,0.0483,0.2061,-27.744,-55.183,44.573,0.9697,100847.43
0.8599,-0.103,-0.3223,-14.695,-24.512,10.122,0.924,100847.94
1.4302,0.019,0.0806,46.341,-16.646,-34.878,1.4326,100848.69
1.5171,0.165,0.4565,41.585,38.354,-18.049,1.5929,100849.14
0.5923,0.0283,-0.0112,-7.744,65.671,40.488,0.5931,100849.23
0.2324,-0.1489,-0.1694,-17.012,36.037,40.244,0.3239,100849.16
0.7241,-0.0854,0.2358,-13.476,11.28,7.866,0.7663,100849.99
1.498,-0.0464,0.624,-26.524,-54.817,7.927,1.6235,100849.73
0.77,-0.1973,-0.4253,12.378,19.451,-12.073,0.9015,100849.51
1.5864,0.1489,0.2183,57.439,45.061,-82.683,1.6083,100850.75
1.1436,0.0786,-0.1611,26.463,48.598,-39.451,1.1575,100851.78
0.6553,-0.0718,-0.0557,33.232,33.293,-15.122,0.6615,100851.47
0.9658,-0.0361,0.2769,31.402,17.256,-27.073,1.0054,100851.85
1.0391,-0.0278,0.2212,-4.878,-42.866,17.622,1.0627,100851.62
1.0942,0.0312,0.1929,-30.671,-80.732,42.439,1.1115,100852.05
0.9966,-0.0269,-0.0737,-46.341,-45.549,21.707,0.9997,100851.53
1.0713,-0.1074,-0.2471,-13.049,-37.744,-9.695,1.1046,100851.38
1.4707,-0.0713,0.1099,26.341,-12.256,-32.805,1.4765,100850.03
1.1191,-0.0439,0.0107,31.646,37.5,2.439,1.1201,100849.89
0.4165,-0.064,0.1284,33.963,47.805,41.951,0.4405,100850.67
0.4092,-0.1299,0.2153,1.098,16.037,33.11,0.4803,100850.62
0.7339,-0.0386,0.4829,-34.268,-19.146,20.793,0.8794,100851.57
1.2188,-0.0342,0.7446,-78.11,-65.549,6.402,1.4286,100852.78
1.312,-0.1333,0.1279,-155.854,-50.061,13.415,1.325,100853.06
0.7632,-0.2222,-0.7075,-132.195,-40.854,20.427,1.0641,100853.16
1.1733,-0.0923,-0.3579,-46.768,-17.866,-38.902,1.2302,100852.46
1.312,-0.0239,-0.2729,-16.159,50.0,-53.293,1.3403,100854.45
0.6714,-0.0581,-0.1025,5.427,67.622,-11.402,0.6817,100855.06
0.6899,-0.1074,0.3022,-9.024,40.854,-11.951,0.7609,100855.0
1.1636,0.0137,0.5469,-64.695,-1.463,-12.378,1.2858,100854.84
1.0928,0.0386,0.3853,-138.476,-51.341,25.61,1.1593,100853.84
0.9341,-0.1221,-0.2217,-167.683,-60.488,19.573,0.9678,100855.34
1.3408,-0.0718,0.1558,-110.305,-23.963,-33.049,1.3517,100854.34
1.7798,0.1226,0.4072,-113.537,4.695,-40.122,1.8299,100854.71
1.2993,0.0244,0.1655,-161.22,26.341,17.195,1.31,100854.62
0.8389,-0.0103,-0.104,-181.585,41.951,51.037,0.8454,100855.54
0.6357,0.0771,0.0332,-167.378,20.0,75.915,0.6413,100855.88
0.7231,0.0,0.1821,-172.012,-49.146,98.171,0.7457,100855.75
0.75,-0.123,0.1172,-204.085,-49.817,94.146,0.769,100855.91
0.647,-0.478,0.0376,-212.195,-0.61,24.939,0.8053,100857.12
1.0874,-0.3589,-0.0293,-219.207,-19.695,-46.098,1.1455,100856.69
1.3516,-0.0903,-0.5591,-210.61,-53.537,-57.683,1.4654,100857.61
1.4487,-0.0542,-0.4575,-131.22,76.89,-61.524,1.5202,100857.65
0.8926,-0.0967,-0.0908,-77.195,117.622,-15.61,0.9024,100857.41
0.8569,0.0933,0.6504,-63.171,56.098,-19.329,1.0798,100856.9
1.374,0.1807,0.6006,-156.646,24.329,-40.915,1.5104,100856.85
1.6226,0.1938,-0.3047,-234.329,-12.195,27.744,1.6623,100856.61
0.6758,-0.061,-0.1821,-151.768,-0.305,112.073,0.7025,100856.91
0.3286,-0.1484,0.127,-117.134,24.512,36.28,0.3823,100857.02
1.3306,0.0337,0.0542,-135.549,-44.573,-84.695,1.3321,100857.7
2.0859,0.0952,-0.6304,-137.439,-73.659,-81.341,2.1812,100857.23
1.7148,-0.0479,-0.3105,-60.244,-11.22,-15.793,1.7434,100857.26
1.2695,0.0322,0.0688,-40.854,85.915,12.012,1.2718,100857.54
0.9824,0.0493,-0.1519,-69.573,93.232,60.671,0.9953,100857.6
0.2197,-0.0454,-0.0884,-74.085,43.049,99.207,0.2411,100857.05
0.4624,-0.1387,0.0356,-86.89,1.707,45.244,0.4841,100856.4
0.6846,-0.1777,0.0869,-97.134,-12.012,9.939,0.7126,100857.0
1.2637,-0.1689,0.4634,-91.098,-99.024,-30.061,1.3565,100857.73
1.9521,-0.2456,-0.2324,-132.744,-77.683,-34.573,1.9812,100857.63
1.1787,-0.3457,-0.3613,-47.744,-15.793,24.817,1.2804,100856.93
1.0322,-0.1406,0.2505,35.122,62.683,-11.22,1.0715,100856.79
1.0112,-0.0176,0.126,28.354,105.61,-25.671,1.0192,100856.67
0.5264,0.0527,-0.0894,28.293,51.524,17.927,0.5365,100855.23
0.3032,0.0503,0.2012,42.683,24.756,9.146,0.3673,100854.77
1.1777,0.0664,0.4111,7.256,-7.378,-37.256,1.2492,100854.8
1.2954,0.0347,0.0791,-46.829,-14.146,3.659,1.2983,100854.94
0.6841,-0.0005,-0.0186,-29.146,-43.598,31.89,0.6843,100853.19
1.1406,-0.0068,-0.145,-24.024,-55.366,-37.195,1.1498,100852.99
1.6001,0.0068,-0.3076,2.317,-19.512,-51.829,1.6294,100851.98
1.3218,0.0493,0.0059,50.122,40.732,2.195,1.3227,100851.48
0.7793,0.0488,0.3247,46.646,83.963,46.037,0.8456,100852.34
0.3306,-0.1182,0.3354,-4.817,72.988,46.829,0.4856,100852.96
0.6567,-0.1919,0.2632,-64.024,-4.817,4.207,0.7331,100853.21
