ax,ay,az,gx,gy,gz,avm,pressure
0.9678,-0.041,-0.2461,17.378,25.976,-2.805,0.9994,100861.99
1.0117,-0.0405,-0.1035,13.354,19.878,-4.512,1.0178,100862.2
0.9849,-0.0083,-0.2227,-3.963,-14.695,-5.854,1.0098,100862.85
0.9263,-0.0024,-0.3149,-7.134,-11.402,-1.768,0.9784,100862.71
0.9365,-0.0317,-0.2471,2.317,6.524,1.22,0.9691,100863.12
0.9785,-0.0361,-0.2275,3.049,5.732,-0.305,1.0053,100862.55
0.9814,-0.0342,-0.2466,0.427,3.354,-0.366,1.0125,100862.46
0.9595,-0.0283,-0.2446,2.439,3.659,-0.244,0.9906,100861.8
0.9438,-0.0278,-0.249,3.11,2.073,-1.22,0.9765,100861.57
0.9629,-0.0332,-0.2368,2.195,4.207,-1.463,0.9921,100862.62
0.9731,-0.0337,-0.2261,1.707,5.732,-1.098,0.9996,100863.54
0.9507,-0.0269,-0.2549,2.073,5.488,-0.305,0.9846,100862.71
0.9438,-0.0034,-0.2617,4.024,10.122,-0.183,0.9795,100862.46
0.9614,0.0034,-0.2412,7.012,15.061,0.183,0.9912,100862.78
0.9473,-0.0171,-0.2358,8.415,17.012,-0.122,0.9763,100862.68
0.9355,-0.0239,-0.2202,7.012,22.683,-0.61,0.9614,100863.34
0.9214,0.0059,-0.1733,10.732,29.451,-4.573,0.9376,100863.7
0.9805,0.0181,-0.0898,16.829,41.098,-11.89,0.9847,100863.1
1.0068,0.019,-0.0791,8.415,46.28,-12.378,1.0101,100863.89
0.9341,0.061,-0.1519,-3.902,38.659,-7.622,0.9483,100863.73
0.9414,0.0352,-0.0903,-3.72,43.598,-1.341,0.9464,100863.02
0.9834,-0.0225,0.02,-6.585,57.134,5.061,0.9839,100862.2
1.0571,0.0249,0.0425,-10.671,48.963,4.695,1.0583,100862.37
1.1582,0.0586,0.0156,-12.805,23.598,6.768,1.1598,100862.59
0.9424,0.04,0.0996,-11.829,12.561,-1.707,0.9485,100863.53
0.9165,0.0728,0.082,-5.671,5.427,-1.768,0.923,100863.84
0.9307,-0.0698,0.0991,-6.829,18.476,9.817,0.9385,100863.71
1.02,-0.1655,0.0479,-7.012,26.951,10.427,1.0345,100863.13
1.0972,-0.1909,0.0898,-3.963,18.293,4.207,1.1173,100864.41
1.1089,-0.1924,0.0918,-17.561,1.524,4.268,1.1292,100864.02
1.0464,-0.1919,-0.0283,-26.768,-10.122,10.549,1.0642,100864.36
0.937,-0.0957,0.0063,-16.89,-10.061,11.28,0.9419,100864.83
0.8604,-0.0737,0.0625,-16.28,-6.28,10.671,0.8658,100864.96
0.9004,-0.1597,0.0132,-25.366,5.61,15.061,0.9145,100865.41
0.9917,-0.228,-0.0415,-17.866,13.537,17.622,1.0184,100864.99
1.0381,-0.1821,-0.0483,-9.512,3.415,9.695,1.055,100864.74
0.9678,-0.1401,-0.0879,-11.037,-10.61,3.049,0.9818,100865.14
0.9321,-0.1504,-0.1206,-9.207,-3.78,1.646,0.9519,100864.58
1.0488,-0.1826,-0.0908,1.463,9.512,0.793,1.0685,100863.91
1.1392,-0.2729,-0.1479,11.707,0.427,-4.451,1.1807,100863.89
1.1899,-0.2358,-0.2178,13.049,-22.378,-18.841,1.2325,100864.62
1.1841,-0.269,0.0039,6.585,-29.939,-19.329,1.2143,100864.45
1.1353,-0.2314,0.1875,-2.317,-16.28,-4.207,1.1737,100864.17
1.0327,0.0039,0.3047,-3.415,-14.939,-9.695,1.0767,100864.6
0.8623,0.1479,0.21,-1.89,-15.671,-28.659,0.8997,100863.44
0.7954,0.1724,0.1743,22.988,-7.683,-27.744,0.8323,100863.56
0.9839,0.0576,0.0933,31.707,1.159,-3.78,0.99,100863.62
0.9663,-0.2329,-0.0142,-17.073,9.512,-20.671,0.9941,100863.93
0.7959,0.1831,-0.0112,11.341,-24.146,-38.537,0.8168,100863.8
0.8042,0.2451,0.0312,3.537,-11.646,-20.366,0.8413,100864.41
0.813,-0.0781,-0.1079,-22.927,15.732,0.732,0.8238,100864.63
0.9551,-0.1128,-0.1411,-14.878,12.439,-0.732,0.972,100864.33
1.0029,0.1025,-0.0742,-10.061,-9.329,1.098,1.0109,100864.98
0.8882,0.2734,-0.0835,-4.817,-3.963,9.634,0.9331,100865.2
1.0547,0.3506,-0.1426,27.805,0.0,0.488,1.1205,100864.37
1.3423,0.1836,-0.1577,43.78,-17.622,-5.976,1.3639,100865.23
1.3633,-0.0166,-0.1143,50.427,-14.085,6.585,1.3682,100865.66
1.5059,-0.0806,0.0659,49.329,-15.671,-0.061,1.5095,100866.09
0.9858,-0.0029,0.1802,52.073,-36.829,15.061,1.0022,100866.02
0.6777,-0.0874,0.4507,32.5,8.11,25.854,0.8186,100866.08
0.7788,-0.2388,0.3188,-21.524,32.561,7.134,0.8748,100866.37
1.2769,-0.207,0.0264,-24.268,18.476,-5.671,1.2938,100866.47
1.2793,-0.1787,0.1279,-4.146,5.61,16.585,1.298,100865.2
0.8384,-0.1475,-0.0342,-35.549,-24.451,19.817,0.8519,100864.87
0.6001,-0.1133,-0.1553,-50.915,-20.732,7.439,0.6301,100864.62
0.6265,0.0371,-0.082,-19.085,-2.866,-1.89,0.6329,100865.01
0.7563,-0.0098,-0.0737,4.024,19.634,-0.793,0.76,100864.73
0.9351,-0.2588,-0.0786,-0.854,30.061,-4.878,0.9734,100864.39
0.9565,-0.1665,-0.0029,-7.988,11.829,-15.793,0.9709,100864.15
0.9321,0.0952,-0.1113,-6.463,-3.841,-15.183,0.9436,100864.8
0.9863,0.1636,-0.2974,11.463,11.89,-8.171,1.0431,100863.73
1.3115,-0.27,-0.2417,43.476,9.756,-41.159,1.3607,100863.82
1.415,-0.3511,-0.1162,17.134,-18.11,-32.378,1.4626,100863.88
1.3306,-0.6216,0.418,-21.768,-32.866,-10.122,1.5269,100864.02
1.4341,-0.2314,0.3574,-77.012,-0.305,38.963,1.496,100864.48
0.9248,0.2505,0.5278,-75.0,-20.854,61.463,1.0939,100864.24
0.4385,0.5942,0.4224,-6.402,-104.451,-54.085,0.8507,100863.93
0.7236,0.5688,-0.085,18.293,-73.049,-54.085,0.9244,100863.09
0.9805,-0.2837,-0.1934,-17.988,69.939,45.61,1.0388,100863.8
1.2178,-0.5122,-0.0825,-26.646,-8.171,27.866,1.3237,100863.38
0.9639,0.189,-0.1865,-1.463,-113.659,-21.524,0.9998,100863.89
0.6753,0.3584,-0.0806,-5.0,-74.085,6.402,0.7687,100864.02
0.7207,0.2261,-0.5103,-6.463,-60.549,6.28,0.9115,100863.76
1.1514,0.2397,-0.5093,57.805,-53.902,1.951,1.2816,100864.32
1.0571,0.1118,0.0864,82.073,-69.756,26.098,1.0665,100864.36
0.5337,0.0039,0.5889,45.732,-117.866,8.963,0.7947,100863.52
0.3584,-0.4434,0.7852,-42.256,-70.244,51.524,0.9703,100862.04
-0.4844,-0.8247,0.1655,-122.744,-29.878,71.098,0.9706,100862.27
-0.3652,0.0405,0.2866,-121.341,-17.134,-30.061,0.466,100863.07
0.4185,0.5913,-0.7139,-4.695,-27.378,-80.549,1.017,100862.92
2.1475,1.0757,-0.7358,161.707,102.012,12.927,2.512,100863.77
1.3501,-0.4292,0.2158,107.622,-48.963,22.805,1.433,100865.03
0.1265,-0.7085,0.1865,25.915,-230.732,-25.488,0.7435,100865.12
0.2739,0.1367,-0.1582,24.817,-85.122,19.878,0.3446,100867.02
1.8535,0.9624,-0.8931,124.268,-20.61,103.841,2.2714,100868.06
3.7354,-1.439,-1.9644,172.012,-153.537,138.415,4.4589,100869.49
4.5483,-3.6895,-2.1841,-99.573,-216.89,-32.195,6.2506,100869.05
-0.457,1.7324,-1.0811,-1.402,-262.561,-60.061,2.0926,100869.22
-0.4697,1.1001,2.7397,224.878,-154.878,126.585,2.9895,100869.96
-2.144,-1.6089,-0.2969,3.537,-214.817,173.598,2.697,100869.65
-0.5396,-1.9277,-1.457,-105.427,97.683,-213.902,2.4759,100870.51
1.5967,-0.5547,-0.8618,-57.927,-38.963,-113.72,1.8973,100870.67
0.7993,-0.6392,-0.5459,-99.024,-206.829,139.268,1.1599,100871.17
-0.7876,-0.4111,-0.5708,-142.683,-166.707,124.939,1.056,100871.54
-1.7217,0.2729,-2.1729,-201.037,-16.341,80.732,2.7857,100871.56
-1.2324,1.2866,-1.6333,-83.598,43.171,-4.451,2.417,100871.72
-0.585,0.73,0.0762,-28.72,-22.378,-55.671,0.9385,100872.59
-0.1548,0.0547,-0.8901,-50.61,89.085,-59.207,0.9051,100871.27
0.1753,0.1089,-1.1045,6.402,136.098,16.037,1.1236,100872.24
0.3701,0.0713,-1.0093,-9.695,31.159,64.146,1.0774,100871.98
-0.2979,0.1855,-1.0049,-27.683,-66.707,34.085,1.0644,100871.3
-0.6196,0.3242,-0.9482,-3.293,-10.305,-11.463,1.1782,100872.27
-0.1309,0.1558,-0.8589,15.488,54.573,-36.707,0.8827,100872.26
0.354,-0.0127,-1.1729,36.28,25.427,-39.39,1.2252,100871.64
0.3809,-0.1318,-0.9443,65.427,15.427,-9.756,1.0267,100870.55
0.1245,-0.2441,-0.7515,11.89,11.159,4.146,0.7999,100870.49
0.0293,-0.0864,-0.9888,-50.976,-9.268,-5.915,0.993,100871.16
-0.0386,0.1016,-1.1343,-22.5,-31.402,0.61,1.1395,100871.18
-0.0322,0.0303,-1.084,15.732,-12.927,7.744,1.0849,100870.47
0.0605,-0.1216,-0.9526,25.0,13.354,-0.854,0.9623,100870.53
0.082,-0.0859,-0.9048,13.232,15.244,-5.427,0.9126,100871.21
0.0249,0.0229,-0.9272,-17.683,-7.988,-0.122,0.9279,100871.11
-0.104,0.0996,-0.9785,-23.598,-41.037,-1.89,0.9891,100871.27
-0.1616,0.1084,-1.0557,-6.707,-21.28,-4.268,1.0735,100871.9
-0.0093,0.0234,-1.0347,8.598,8.902,-5.732,1.035,100872.48
0.085,-0.0615,-0.9565,10.854,-1.098,-4.329,0.9623,100871.95
0.0601,-0.0493,-0.9404,1.098,-18.415,1.22,0.9436,100871.41
-0.0288,0.0029,-1.0068,-5.244,-20.671,2.439,1.0073,100871.01
-0.0913,0.0254,-1.0498,-2.012,-10.732,-0.183,1.0541,100870.83
-0.0884,0.0186,-0.9805,6.524,-7.5,-2.134,0.9846,100870.69
-0.083,0.0034,-0.9858,3.902,-5.122,-1.585,0.9893,100870.59
-0.0591,-0.0073,-0.979,-0.732,-1.037,-0.549,0.9808,100870.76
-0.0532,0.0059,-0.9941,-0.549,-3.171,0.0,0.9956,100870.91
-0.0571,-0.0107,-1.0317,0.915,1.646,-0.366,1.0334,100870.39
-0.0425,-0.0396,-0.9722,0.915,3.232,-0.549,0.9739,100870.98
-0.064,-0.0312,-0.9956,-2.744,-2.683,0.0,0.9981,100870.91
-0.0762,-0.0044,-0.9722,-2.195,-1.585,0.488,0.9752,100871.51
-0.0923,0.0088,-1.0063,-1.341,1.28,0.793,1.0106,100871.7
-0.0815,0.0063,-0.9873,-0.183,2.073,0.183,0.9907,100871.86
-0.0806,0.002,-0.999,-1.037,3.476,-0.061,1.0023,100871.6
-0.0581,0.0049,-0.9829,-0.915,6.524,0.122,0.9846,100870.9
-0.0439,0.0,-0.9956,-1.707,4.878,-0.549,0.9966,100871.5
-0.0356,0.0,-0.9727,-0.671,0.244,-1.89,0.9733,100871.56
-0.0723,0.0039,-0.981,-1.463,-1.402,-0.732,0.9836,100871.59
-0.0845,0.0049,-0.9951,-0.976,2.744,0.183,0.9987,100871.52
-0.0752,-0.0015,-0.9785,3.049,5.305,-0.793,0.9814,100871.6
-0.0693,-0.0112,-0.9727,4.146,4.695,-1.89,0.9752,100872.39
-0.0605,-0.0171,-1.0034,0.61,6.22,-1.646,1.0054,100871.86
-0.0386,-0.0029,-0.9951,-1.951,6.402,-0.549,0.9959,100871.25
-0.041,-0.0005,-0.9717,-2.561,1.159,-2.012,0.9725,100870.54
-0.0386,-0.0059,-1.002,-1.585,0.671,-4.451,1.0027,100870.99
-0.0117,-0.0161,-1.0127,0.549,8.72,-5.0,1.0129,100871.07
-0.001,-0.0361,-0.9629,-0.427,4.634,-4.146,0.9636,100871.38
-0.0264,-0.022,-0.9878,-5.854,0.061,-2.195,0.9884,100871.75
-0.0547,0.0215,-0.9897,-3.72,4.451,-0.244,0.9915,100871.41
-0.0649,0.0254,-0.9854,-2.073,8.415,-0.305,0.9878,100871.98
-0.0459,0.0059,-0.9883,-4.39,5.854,-1.951,0.9894,100871.71
-0.021,-0.0034,-0.9932,-4.573,2.134,-1.159,0.9934,100871.49
-0.0029,0.0005,-1.0132,-3.171,1.098,2.073,1.0132,100871.57
0.0161,-0.0142,-1.0254,-0.244,0.244,3.902,1.0256,100870.9
0.0239,-0.0078,-0.999,2.561,-0.305,2.805,0.9993,100870.91
-0.0098,-0.002,-0.9766,2.378,-7.012,-0.488,0.9766,100870.55
-0.0688,-0.001,-0.9976,0.0,-7.256,-1.159,0.9999,100871.59
-0.0645,0.0112,-0.9868,0.305,-0.488,-1.098,0.989,100871.42
-0.0298,0.0205,-0.98,0.976,-0.061,-1.22,0.9806,100872.27
-0.022,0.0063,-0.9932,1.159,-1.89,-0.488,0.9934,100871.3
-0.0342,-0.021,-0.9854,1.585,-2.927,0.427,0.9862,100870.72
-0.0483,-0.022,-0.9922,-0.366,-3.049,0.915,0.9936,100870.86
-0.0498,0.0024,-0.9897,-0.183,-2.988,0.793,0.991,100871.13
-0.0449,0.0122,-0.9883,0.915,-1.524,-0.122,0.9894,100870.84
-0.0381,-0.0068,-0.9922,0.549,0.244,-1.22,0.9929,100870.48
-0.0352,-0.0088,-0.9893,0.244,1.585,-1.89,0.9899,100870.7
-0.0444,0.0015,-0.9854,0.305,0.427,-1.524,0.9864,100870.11
-0.0557,-0.0068,-0.9961,-0.305,-0.488,-1.098,0.9977,100870.3
-0.0532,-0.0146,-1.0005,-0.183,1.159,-0.793,1.002,100871.2
-0.0342,-0.0186,-0.979,0.488,-1.037,-1.098,0.9798,100870.87
-0.0396,-0.0088,-0.9829,-0.305,-3.902,-0.671,0.9837,100870.89
-0.0576,0.0005,-0.9946,-0.976,-0.244,0.427,0.9963,100872.24
-0.0557,-0.0063,-0.9731,-0.244,-1.28,-0.305,0.9748,100872.87
-0.0596,-0.0186,-1.0049,-0.793,-4.573,-1.341,1.0068,100872.52
-0.0391,-0.0283,-1.0269,-0.549,3.78,-0.671,1.028,100872.37
-0.0239,-0.022,-0.9634,-0.671,0.976,-0.122,0.9639,100872.76
-0.0581,0.0146,-1.0161,-6.037,3.232,1.707,1.0179,100872.79
-0.0396,0.0078,-0.9468,-3.354,3.11,0.244,0.9476,100873.16
-0.0693,-0.0029,-1.0078,-1.402,-12.012,-2.012,1.0102,100872.34
-0.085,0.0024,-1.0039,1.037,-3.537,-0.854,1.0075,100871.26
-0.0586,-0.019,-0.9819,-0.793,0.427,-0.305,0.9839,100871.92
-0.0454,-0.0195,-0.9971,-0.793,-1.524,-1.585,0.9983,100872.79
-0.0352,0.0,-0.98,-0.122,1.402,-0.915,0.9806,100872.09
-0.0542,0.0,-0.9824,-1.159,-0.244,0.854,0.9839,100873.02
-0.0815,-0.0122,-0.9761,-2.012,4.634,2.073,0.9796,100872.0
-0.0928,-0.0059,-0.9795,-6.89,11.707,2.317,0.9839,100871.85
-0.041,-0.0039,-1.0,-10.976,18.171,2.805,1.0008,100872.87
0.0273,0.0308,-0.9731,-6.341,13.171,0.854,0.974,100871.78
0.0024,0.0381,-0.9961,-5.549,1.28,0.305,0.9968,100871.7
-0.0493,0.0166,-1.021,-2.561,6.89,-0.183,1.0223,100871.64
-0.0527,-0.0029,-1.0439,4.451,19.939,1.098,1.0453,100870.98
0.021,-0.0078,-0.915,6.098,13.598,0.549,0.9153,100871.23
0.0146,0.0166,-0.9517,-4.146,-1.89,0.488,0.9519,100871.28
-0.0234,0.0342,-1.0366,-4.146,8.659,2.317,1.0374,100871.46
-0.0103,0.0288,-0.9702,2.073,7.5,2.195,0.9707,100871.95
0.0063,-0.0054,-0.9937,0.793,4.878,1.341,0.9937,100872.31
0.043,-0.0122,-0.9482,0.488,10.244,-0.061,0.9493,100872.84
0.0264,0.0073,-0.9707,-3.415,2.073,-1.89,0.9711,100872.71
0.0142,0.0142,-1.0342,-5.244,5.61,-1.28,1.0344,100872.4
0.0303,0.0278,-1.0293,-2.439,7.5,-1.341,1.0301,100872.02
0.0391,0.0049,-0.9751,0.671,2.439,-3.293,0.9759,100872.38
0.0444,-0.0059,-1.0098,0.732,3.72,-4.695,1.0108,100872.27
0.0474,0.0381,-0.9526,1.402,2.805,-3.354,0.9546,100872.91
0.022,0.043,-0.9771,-2.805,-4.878,-2.134,0.9782,100873.03
0.0117,0.0073,-1.0107,-2.622,-0.854,0.0,1.0108,100873.25
0.021,-0.0112,-0.9819,-2.134,1.463,0.915,0.9822,100873.66
0.0225,0.0122,-0.9604,-5.366,-4.634,0.915,0.9608,100871.88
0.0176,0.0474,-1.0015,-4.207,-0.183,1.585,1.0027,100871.15
0.0483,0.0312,-0.9771,1.098,8.049,2.378,0.9787,100871.35
0.0444,-0.0122,-0.9658,-0.488,2.134,1.585,0.9669,100871.48
0.0088,0.0122,-1.0024,-6.037,-1.037,0.671,1.0026,100871.1
0.0142,0.0493,-1.0181,-4.024,-2.805,-3.049,1.0194,100871.18
0.0322,0.0439,-0.9658,1.098,-5.183,-5.427,0.9674,100871.6
0.0327,0.0259,-1.0034,3.11,-7.134,-4.573,1.0043,100872.32
0.0352,0.0088,-1.0024,4.817,-3.72,0.183,1.0031,100872.12
0.0205,-0.0283,-0.9312,-0.854,-8.659,3.415,0.9318,100873.18
0.0283,0.0127,-1.0034,-15.244,0.915,3.537,1.0039,100873.36
0.063,0.0605,-1.0098,-11.22,10.122,2.805,1.0135,100873.62
-0.0303,0.0796,-1.0254,1.707,0.427,3.415,1.0289,100874.21
-0.0854,0.0664,-0.9883,12.012,3.902,3.415,0.9942,100872.9
-0.0264,0.0234,-0.9316,7.927,8.841,1.768,0.9323,100872.54
0.0312,-0.0049,-0.9604,-3.11,0.122,0.305,0.961,100872.64
0.043,0.0088,-1.0186,-5.549,-3.354,-1.098,1.0195,100871.98
0.0532,0.0137,-1.0283,-0.305,-1.22,-6.037,1.0298,100872.35
0.0518,0.0063,-0.999,4.085,-2.073,-10.122,1.0004,100872.75
0.0415,0.002,-0.9707,3.659,-4.146,-8.476,0.9716,100872.67
0.0469,0.0293,-0.9912,-1.098,5.427,-2.866,0.9928,100872.12
0.1099,0.0483,-0.959,-1.463,11.28,0.915,0.9665,100870.98
0.0405,-0.0059,-0.9761,-2.927,-1.037,4.207,0.9769,100871.36
-0.0547,-0.0283,-0.9922,-8.354,0.61,6.402,0.9941,100871.27
-0.0527,0.0068,-0.9868,-8.72,4.878,5.305,0.9882,100871.2
-0.0088,0.0776,-1.0073,-3.78,6.098,3.415,1.0103,100871.88
0.0312,0.0942,-0.9858,2.012,5.122,1.402,0.9908,100871.52
0.0342,0.0562,-0.9829,0.915,5.488,-0.976,0.9851,100871.62
0.0532,0.0317,-0.9961,-0.793,3.963,-4.939,0.998,100871.82
0.0874,0.0088,-0.999,-0.61,-1.524,-6.707,1.0029,100871.75
0.0996,0.0029,-1.0132,-0.976,1.89,-3.415,1.0181,100871.82
0.0684,0.021,-0.9907,0.549,1.402,0.366,0.9933,100872.61
0.0298,0.0322,-1.0273,2.012,-5.183,-1.159,1.0283,100871.59
0.0269,0.0371,-0.978,7.5,-9.634,-4.512,0.9791,100871.44
0.0459,-0.0024,-0.9702,4.695,-13.293,-5.427,0.9713,100871.7
0.0479,-0.0234,-1.0322,-1.707,0.427,0.854,1.0336,100872.14
0.0312,0.0029,-0.9756,-0.305,-5.427,4.756,0.9761,100872.1
-0.0571,0.0327,-0.978,0.427,-16.402,4.207,0.9802,100871.82
-0.0771,0.0435,-0.958,4.024,-5.671,1.28,0.9621,100872.49
-0.0146,0.0518,-0.9883,2.805,-0.488,-2.317,0.9897,100872.21
0.0186,0.0308,-1.0361,0.61,-1.768,-2.927,1.0368,100871.42
0.0186,0.021,-0.9663,2.927,-9.878,-4.878,0.9667,100871.41
-0.0093,-0.0005,-0.9409,4.329,-15.61,-6.646,0.941,100872.55
-0.0322,-0.0469,-0.9971,1.829,-0.061,-2.317,0.9987,100872.89
-0.0034,-0.0649,-1.0791,3.537,14.939,2.378,1.0811,100873.4
0.0669,-0.0142,-0.9121,9.39,4.024,1.402,0.9147,100873.66
0.0142,0.0225,-0.9209,0.366,-22.683,-1.22,0.9213,100873.12
-0.0684,0.021,-1.0107,-5.793,-12.195,-4.329,1.0133,100872.94
-0.0908,-0.0049,-1.0166,1.098,-6.951,-5.244,1.0207,100872.21
-0.0757,-0.0044,-0.9253,4.939,-13.537,-1.89,0.9284,100871.33
-0.0737,-0.0146,-1.0103,0.854,-10.671,0.122,1.013,100871.0
-0.0376,-0.0347,-1.0298,4.512,-2.317,0.244,1.0311,100871.39
-0.0469,-0.0332,-1.0049,5.244,-7.866,2.439,1.0065,100870.66
-0.0645,-0.0171,-0.9751,2.805,-7.5,2.5,0.9774,100870.98
-0.0728,-0.0181,-1.002,3.171,-7.256,-1.463,1.0048,100870.84
-0.0762,0.0029,-0.9893,2.927,-12.927,-9.024,0.9922,100871.14
-0.1167,0.0205,-0.9761,1.524,-12.195,-10.732,0.9832,100870.63
-0.0991,-0.0132,-0.9819,3.354,1.585,-8.659,0.987,100870.59
-0.0601,-0.0488,-1.0015,3.963,1.28,-7.134,1.0045,100870.56
-0.0718,-0.0664,-0.9912,1.585,-2.988,-1.159,0.996,100871.07
-0.0835,-0.0625,-0.9795,-0.244,-1.585,0.488,0.985,100870.56
-0.1196,-0.0361,-0.9863,-2.439,-2.5,0.793,0.9942,100870.69
-0.0903,-0.0439,-1.0,-0.61,4.207,3.171,1.005,100871.88
-0.0659,-0.0312,-0.9897,-0.915,1.585,2.561,0.9924,100871.79
-0.0913,-0.0249,-0.9941,-4.268,-1.707,1.341,0.9986,100871.01
-0.1016,-0.0278,-0.9883,-2.195,1.768,-0.366,0.9939,100870.42
-0.0928,-0.0386,-0.9932,1.402,1.585,-1.768,0.9982,100870.45
-0.0879,-0.0361,-0.9756,1.707,-1.829,-1.768,0.9802,100869.98
-0.0977,-0.04,-0.9785,-0.61,-1.037,-1.524,0.9842,100870.87
-0.0898,-0.0371,-1.0054,0.305,2.805,-1.22,1.0101,100871.16
-0.0615,-0.0352,-0.9829,0.122,-0.183,-1.098,0.9855,100871.66
-0.103,-0.0298,-0.9751,-1.159,-4.451,-1.341,0.981,100871.49
-0.1353,-0.0254,-0.9893,-1.646,-1.402,-0.915,0.9988,100872.01
-0.1182,-0.0049,-0.9775,-0.915,0.976,0.671,0.9847,100873.12
-0.085,-0.0254,-0.9756,0.732,2.317,2.073,0.9796,100871.99
-0.0938,-0.0684,-1.0015,1.159,2.561,2.195,1.0082,100871.76
-0.0884,-0.0791,-0.9897,1.402,1.463,0.671,0.9968,100871.09
-0.0923,-0.0527,-0.9785,0.488,-0.854,-0.61,0.9843,100870.98
-0.0986,-0.0493,-0.9888,-0.366,1.463,-0.915,0.9949,100871.35
-0.0947,-0.0605,-0.9858,0.122,1.585,-0.976,0.9922,100871.51
-0.0981,-0.0332,-0.9927,-2.744,1.037,0.427,0.9981,100871.41
-0.0776,-0.0244,-0.9858,-2.988,2.134,1.037,0.9892,100870.84
-0.0908,-0.0259,-0.9863,-0.061,1.646,0.793,0.9908,100871.25
-0.0913,-0.0298,-0.9941,0.061,4.024,0.183,0.9988,100870.84
-0.0972,-0.0327,-0.9829,0.793,0.732,0.0,0.9882,100871.4
-0.1045,-0.0322,-0.9751,0.732,0.915,0.183,0.9812,100871.45
-0.0913,-0.0337,-0.9873,0.61,1.585,-0.366,0.9921,100871.48
-0.0811,-0.0527,-1.0098,0.549,2.927,-0.732,1.0144,100871.74
-0.0762,-0.0581,-0.9834,1.829,1.402,-1.28,0.9881,100871.83
-0.0854,-0.0508,-0.9775,0.122,0.244,-1.28,0.9826,100871.88
-0.0879,-0.0469,-0.9917,-0.854,1.341,-1.524,0.9967,100872.3
-0.0869,-0.0488,-0.9897,-0.244,1.951,-1.341,0.9948,100872.14
-0.0811,-0.0522,-0.9785,0.793,-0.61,-1.037,0.9833,100871.64
-0.084,-0.0576,-0.9951,-1.524,0.061,-0.305,1.0003,100871.63
-0.0825,-0.0479,-0.9932,-0.244,0.0,-0.061,0.9977,100871.5
-0.0938,-0.0332,-0.9819,-0.488,1.524,0.671,0.987,100871.63
-0.0845,-0.041,-0.9951,-2.378,1.768,-0.122,0.9995,100871.26
-0.0776,-0.0513,-0.9976,-1.037,2.317,-0.549,1.0019,100871.35
-0.0825,-0.0537,-0.9854,0.061,0.671,-0.671,0.9903,100871.67
-0.085,-0.0488,-0.9878,-2.439,0.366,-0.793,0.9926,100871.15
-0.083,-0.0396,-0.9946,-2.561,0.183,-0.549,0.9989,100871.64
-0.0864,-0.0376,-0.9932,-1.22,1.22,-0.061,0.9976,100871.25
-0.0825,-0.0488,-0.978,-0.854,0.793,0.061,0.9827,100871.7
-0.0864,-0.0396,-0.9854,-1.829,1.28,-0.183,0.9899,100871.55
-0.083,-0.0356,-1.0059,-1.829,5.244,0.427,1.0099,100870.83
-0.0708,-0.0396,-0.9888,-0.427,2.988,1.159,0.9921,100872.24
-0.0669,-0.0615,-0.9829,-1.463,0.122,1.098,0.9871,100871.59
-0.0732,-0.0381,-0.9888,-0.793,0.732,-0.122,0.9922,100871.09
-0.0825,-0.0337,-0.9922,0.0,1.524,-1.646,0.9962,100871.49
-0.0864,-0.0518,-0.9854,0.183,0.915,-2.012,0.9905,100871.03
-0.0811,-0.0488,-0.9761,-0.366,3.171,-0.122,0.9807,100870.92
-0.0762,-0.041,-0.9902,-1.585,2.927,1.098,0.994,100871.59
-0.0664,-0.0317,-0.9976,-2.744,2.744,0.854,1.0003,100872.07
-0.0586,-0.0327,-0.9897,-1.646,1.829,-0.305,0.992,100871.82
-0.0645,-0.04,-0.9858,-1.159,1.402,-0.915,0.9888,100871.38
-0.0737,-0.042,-0.9897,-1.768,1.463,-0.732,0.9934,100871.91
-0.0698,-0.0405,-0.9995,-1.707,1.951,-1.037,1.0028,100871.23
-0.0625,-0.0386,-0.9829,-0.427,0.793,-1.159,0.9857,100870.58
-0.0747,-0.0425,-0.9873,-0.915,-0.915,-0.671,0.991,100870.58
-0.0698,-0.0449,-0.9941,-1.22,0.976,-0.549,0.9976,100871.59
-0.0664,-0.0288,-0.9917,-0.61,1.89,-0.305,0.9943,100872.08
-0.0562,-0.04,-0.9966,-1.646,2.439,-0.305,0.999,100871.71
-0.063,-0.0415,-0.9941,-1.829,0.915,-0.488,0.997,100871.94
-0.0776,-0.0303,-0.9854,-0.671,0.427,-0.244,0.9889,100872.09
-0.0752,-0.0278,-0.9956,-1.159,1.22,0.549,0.9988,100870.63
-0.0513,-0.0376,-0.9941,-1.037,1.768,0.427,0.9962,100872.26
-0.0508,-0.042,-0.9893,-0.915,0.0,-0.305,0.9915,100872.72
-0.0654,-0.0435,-0.9868,-1.098,-0.488,-1.159,0.9899,100872.34
-0.0728,-0.0356,-0.9878,-1.707,0.366,-0.793,0.9911,100872.9
-0.063,-0.0361,-0.9922,-1.159,2.256,-0.549,0.9948,100872.61
-0.0571,-0.0361,-0.9863,-0.915,-0.122,0.061,0.9886,100871.87
-0.0635,-0.0352,-0.9961,-2.195,0.183,0.61,0.9987,100871.3
-0.0615,-0.0288,-0.9873,-0.976,0.732,0.305,0.9896,100871.38
-0.0674,-0.0273,-0.9844,-0.915,0.671,0.122,0.9871,100871.05
-0.0664,-0.0342,-0.9912,-1.585,0.854,0.061,0.994,100870.35
-0.0669,-0.0317,-0.9878,-1.037,1.159,0.122,0.9906,100870.92
-0.0664,-0.0283,-0.978,-0.671,0.488,-0.061,0.9807,100870.95
-0.064,-0.0303,-0.9907,-1.159,1.402,-0.488,0.9932,100871.74
-0.0566,-0.0342,-0.9941,-0.549,2.256,-0.793,0.9963,100871.48
-0.0522,-0.0439,-0.9805,-0.061,1.28,-0.732,0.9828,100871.51
-0.0645,-0.0381,-0.9844,-0.915,0.061,-0.732,0.9872,100871.67
-0.0669,-0.0254,-0.9937,-1.402,1.646,-0.732,0.9962,100871.41
-0.0601,-0.0288,-0.9844,-0.366,0.915,-0.976,0.9866,100870.98
-0.0649,-0.0317,-0.9883,-1.098,-0.305,-0.732,0.9909,100871.15
-0.0576,-0.0312,-0.9922,-1.28,0.793,-0.488,0.9944,100871.88
-0.0581,-0.0283,-0.9932,-0.122,2.073,0.0,0.9953,100871.33
-0.0474,-0.0308,-0.9883,-0.854,2.622,-0.305,0.9899,100870.27
-0.0576,-0.0386,-0.9917,-1.341,0.976,-0.732,0.9941,100870.25
-0.0625,-0.0356,-0.9854,-0.915,1.951,-0.366,0.988,100870.59
-0.0591,-0.0229,-0.9907,-1.22,0.671,-0.305,0.9927,100871.47
-0.0557,-0.0254,-0.9956,-1.341,1.89,-0.061,0.9975,100871.51
-0.0488,-0.0327,-0.9907,-1.037,2.195,-0.366,0.9925,100872.15
-0.0493,-0.0366,-0.9878,-0.976,0.915,-0.854,0.9897,100872.38
-0.0566,-0.0308,-0.9912,-1.22,0.305,-0.488,0.9933,100872.55
-0.0557,-0.0273,-1.0024,-1.768,2.195,-0.244,1.0044,100872.05
-0.0454,-0.0288,-0.9883,-0.793,0.427,-0.915,0.9897,100871.08
-0.0557,-0.0317,-1.001,-1.098,-0.244,-0.732,1.003,100871.48
-0.0498,-0.0308,-0.9956,-0.122,0.427,-0.305,0.9973,100871.48
-0.0518,-0.0371,-0.9878,-0.671,-0.793,-0.915,0.9898,100871.59
-0.0654,-0.0317,-0.9893,-0.793,-1.28,-0.854,0.9919,100871.58
-0.0591,-0.0225,-0.9863,-0.549,0.183,-0.183,0.9884,100871.7
-0.0527,-0.0215,-0.9951,-0.793,-0.671,-0.366,0.9967,100870.91
-0.0459,-0.0293,-0.9907,-0.732,0.183,-0.61,0.9922,100870.92
-0.0513,-0.0317,-0.9849,-0.549,-0.671,-0.732,0.9867,100870.96
-0.0659,-0.0298,-0.9868,-0.61,-0.549,-0.61,0.9895,100871.37
-0.0649,-0.0322,-0.9985,-1.646,0.427,-0.366,1.0012,100871.54
-0.0508,-0.0332,-0.9927,-1.341,1.098,-0.549,0.9945,100870.81
-0.0537,-0.0269,-0.9795,-0.671,-1.89,-0.915,0.9813,100870.26
-0.0674,-0.0303,-0.9956,-1.524,-0.793,-0.244,0.9983,100870.84
-0.0586,-0.0234,-0.9897,-0.366,-0.305,-0.366,0.9918,100871.65
-0.0562,-0.0278,-0.9888,-0.732,0.427,-0.671,0.9908,100870.3
-0.063,-0.0303,-0.9888,-1.28,-0.61,-1.098,0.9912,100870.27
-0.0747,-0.0244,-0.9893,-1.402,0.122,-0.488,0.9924,100871.36
-0.063,-0.0215,-0.9839,-0.671,1.037,-0.061,0.9861,100871.04
-0.0513,-0.0249,-0.9839,-0.671,0.488,-0.122,0.9855,100871.44
-0.0586,-0.0312,-0.9814,-0.488,0.549,-0.549,0.9837,100870.36
-0.0654,-0.0303,-0.9858,-0.915,1.463,-0.732,0.9885,100870.93
-0.0601,-0.0283,-0.9858,-0.915,2.134,-0.793,0.9881,100871.62
-0.0576,-0.0249,-0.9917,-0.976,2.561,-0.244,0.9937,100871.61
-0.0508,-0.0288,-0.9917,-0.793,2.744,-0.183,0.9934,100871.12
-0.0586,-0.021,-0.9814,-0.915,0.366,-0.427,0.9834,100870.64
-0.0635,-0.0259,-0.9946,-1.463,0.61,-0.305,0.997,100870.76
-0.0522,-0.0269,-0.9951,0.122,3.537,0.061,0.9968,100870.12
-0.041,-0.0327,-0.9893,-0.244,3.659,-0.305,0.9906,100870.41
-0.0474,-0.0317,-0.9868,-1.22,1.098,-1.22,0.9885,100871.71
-0.0586,-0.0269,-0.9897,-1.22,1.28,-0.976,0.9918,100871.19
-0.0518,-0.0229,-0.9863,-0.854,1.829,-0.366,0.988,100871.45
-0.0479,-0.0181,-0.9912,-1.22,1.646,-0.061,0.9925,100871.38
