ax,ay,az,gx,gy,gz,avm,pressure
0.9268,0.0342,-0.3149,2.256,6.28,2.195,0.9794,100862.12
0.9482,0.0093,-0.3354,7.744,17.5,4.329,1.0059,100863.15
0.979,-0.0112,-0.2397,14.39,25.427,5.122,1.008,100862.7
0.9868,0.0244,-0.1934,5.549,8.598,1.463,1.0059,100861.72
0.9331,0.0303,-0.2642,-1.463,0.0,1.159,0.9702,100861.73
0.9375,0.0098,-0.2417,-0.366,4.939,2.317,0.9682,100862.11
0.9609,0.0,-0.2764,-1.28,1.707,0.122,0.9999,100862.13
0.9756,0.0063,-0.2598,-0.549,2.683,-0.732,1.0096,100861.94
0.9624,0.0083,-0.2476,-0.427,2.256,-0.61,0.9938,100862.02
0.9395,0.0181,-0.2583,-0.427,5.183,-0.366,0.9745,100862.07
0.9331,0.0298,-0.2788,0.366,11.951,-0.976,0.9743,100861.49
0.9326,0.0063,-0.249,2.378,21.098,-2.256,0.9653,100860.34
0.9443,-0.0269,-0.1831,3.476,28.537,-2.866,0.9623,100860.21
0.9683,-0.0317,-0.1519,2.439,28.049,-0.61,0.9806,100861.36
0.9785,-0.0273,-0.1577,1.463,23.11,2.866,0.9915,100860.99
1.0137,-0.0068,-0.1709,3.963,21.098,0.488,1.028,100860.95
1.042,0.0215,-0.1582,10.549,17.012,-4.695,1.0542,100861.41
1.0151,0.0205,-0.1699,12.561,8.476,-3.963,1.0295,100860.52
0.9189,0.0239,-0.2012,9.939,10.244,-2.988,0.941,100861.55
0.8896,0.0981,-0.1772,15.244,19.085,-8.293,0.9124,100861.36
0.9751,0.1675,-0.1221,28.049,20.732,-7.866,0.9969,100860.75
1.0532,0.1274,-0.1353,22.439,20.793,4.695,1.0695,100860.64
1.084,0.0303,-0.1772,10.793,20.122,11.646,1.0988,100861.06
1.0479,0.0337,-0.145,9.329,14.878,4.634,1.0584,100861.51
0.959,0.106,-0.0278,10.427,15.732,0.549,0.9652,100861.48
1.0015,0.0713,-0.042,6.89,10.0,-3.598,1.0049,100861.71
1.02,0.063,-0.0205,7.927,8.598,-5.976,1.0222,100861.75
0.9854,0.021,0.0068,5.488,15.244,-2.256,0.9856,100862.27
0.9565,-0.0244,0.0151,-1.402,17.561,-0.122,0.957,100862.55
0.936,-0.0571,0.0415,-10.61,17.805,0.854,0.9387,100862.01
0.9463,-0.0947,0.0322,-23.232,21.402,2.195,0.9516,100862.2
1.0186,-0.1392,-0.0322,-33.537,26.585,6.89,1.0285,100861.74
1.0845,-0.1172,-0.1699,-29.024,20.061,10.183,1.1039,100862.14
1.1724,-0.0361,-0.1738,-9.512,9.878,10.854,1.1857,100862.53
1.1348,-0.0044,0.0,1.768,-2.988,13.659,1.1348,100861.96
0.9375,-0.0923,-0.0068,-10.061,-12.256,16.768,0.9421,100862.43
0.7935,-0.2031,-0.1045,-21.951,-5.061,16.159,0.8257,100863.27
0.856,-0.1724,-0.1006,-16.829,7.378,10.305,0.8789,100863.75
1.0254,-0.0918,-0.0581,-8.841,18.78,11.524,1.0311,100863.52
1.0723,-0.0767,-0.0518,-1.585,13.049,11.463,1.0762,100862.97
1.0151,-0.0889,-0.1377,1.524,-2.256,-1.22,1.0283,100863.43
1.0142,-0.0317,-0.1699,7.561,-4.329,-11.768,1.0288,100864.02
1.0811,0.0415,-0.1323,14.512,-1.951,-11.098,1.0899,100863.33
1.0884,0.0596,-0.2227,16.951,-12.988,-13.293,1.1125,100863.82
1.125,-0.126,-0.0923,20.61,-26.22,-25.732,1.1358,100864.17
1.3384,-0.4932,0.0728,11.524,-12.012,-21.159,1.4282,100863.72
1.1421,-0.23,0.335,-17.134,-21.22,-0.427,1.2122,100863.36
0.5679,0.1123,0.0132,-29.085,-13.841,-0.549,0.579,100863.0
1.0146,0.0703,0.188,17.561,52.805,20.732,1.0343,100862.82
1.5161,-0.2354,0.1772,-13.476,66.829,9.146,1.5445,100864.05
1.1294,-0.2251,-0.1104,-41.951,-17.012,-35.976,1.1569,100864.88
0.6865,0.144,-0.0781,-12.927,-48.049,-54.207,0.7058,100864.87
0.6108,0.1919,0.0566,-10.305,-5.854,-30.854,0.6428,100864.74
0.8037,0.0107,-0.083,-32.805,30.793,-12.317,0.8081,100864.62
1.0596,0.0352,-0.1982,-25.427,31.829,-7.805,1.0785,100865.64
1.165,0.2261,-0.1128,2.134,4.207,-7.134,1.1921,100865.3
1.0693,0.2563,-0.0254,16.524,-19.085,-3.72,1.0999,100866.14
1.0015,0.0962,-0.165,13.171,-20.427,7.012,1.0195,100866.55
1.0303,-0.0234,-0.2461,11.524,-13.171,21.951,1.0595,100865.36
1.0986,0.1514,-0.0371,20.122,-13.963,27.927,1.1096,100864.71
1.103,0.2461,0.2681,34.939,2.927,23.78,1.1615,100864.73
1.1548,-0.126,0.4668,22.195,14.146,-10.732,1.2519,100863.77
0.9941,-0.3955,0.1621,-15.366,3.72,-15.732,1.0821,100863.63
0.9341,-0.0864,-0.1792,0.915,5.183,6.037,0.955,100863.31
1.1523,0.3228,0.0098,31.098,11.098,22.805,1.1967,100862.45
1.085,0.0942,0.1304,1.159,3.415,28.232,1.0968,100861.66
0.8496,-0.228,-0.1123,-20.976,-22.256,7.378,0.8868,100860.85
0.6738,-0.1484,-0.168,8.841,-16.28,-1.28,0.7101,100859.75
0.7446,0.0679,-0.0327,35.427,2.866,4.268,0.7484,100859.67
0.9434,0.0781,0.0264,32.744,4.756,-2.256,0.947,100859.84
0.9482,-0.1221,-0.0674,16.463,4.695,-8.598,0.9584,100860.72
0.8521,-0.1387,-0.3667,-3.963,21.646,8.963,0.9379,100859.73
1.2544,-0.0122,-0.3101,4.695,32.744,-0.549,1.2922,100860.0
1.4727,-0.0293,-0.3398,2.927,-14.085,-15.488,1.5116,100860.32
1.1426,-0.4019,-0.1177,-16.28,-69.634,-26.951,1.2169,100859.34
1.145,-0.5859,0.5933,-42.622,-27.5,-6.098,1.4165,100859.36
1.1938,0.1885,0.8936,-40.976,15.427,68.049,1.5031,100859.35
1.1089,0.8159,0.3032,-17.744,-21.341,21.89,1.4097,100859.1
0.8765,0.1675,-0.374,-30.854,-34.878,-7.622,0.9675,100860.28
0.9653,-0.3853,-0.2129,0.793,-6.89,-1.646,1.0609,100859.79
0.9746,-0.3477,0.1177,-2.439,-23.293,-6.037,1.0414,100859.69
0.6812,0.0029,0.0176,-23.841,-49.329,-16.768,0.6814,100860.84
0.6313,0.29,-0.1528,-24.329,-38.598,-28.171,0.7114,100860.96
0.8174,0.4106,-0.4302,-2.073,-61.22,-32.378,1.0108,100861.66
0.7739,0.1675,-0.2373,37.866,-57.439,-6.037,0.8266,100861.95
0.5542,-0.1851,0.3652,32.927,-37.866,10.183,0.689,100861.91
0.2598,-0.29,0.7378,-16.098,-42.317,1.098,0.8342,100861.78
-0.1362,-0.3833,0.4019,-75.549,-66.28,9.512,0.5718,100861.55
-0.3276,-0.1045,0.3501,-64.939,-96.646,-1.037,0.4907,100861.14
0.4526,0.3843,-0.5791,64.756,-25.854,-32.622,0.8294,100861.56
1.9331,-0.1709,-0.8257,57.561,116.463,43.537,2.109,100861.52
0.9795,-0.4019,0.0552,-17.988,-66.22,-8.537,1.0602,100862.34
0.6196,0.3286,0.4546,5.0,-175.915,-56.524,0.8358,100862.46
1.3867,0.5684,-0.2925,12.317,-13.171,-30.854,1.5269,100863.38
2.7007,0.2183,-0.5791,107.439,-131.585,-10.488,2.7707,100863.98
1.2769,0.3726,0.0063,156.341,-213.232,38.72,1.3301,100863.66
1.186,0.3335,-0.5752,150.183,-140.427,65.366,1.3597,100864.3
2.7778,-3.2002,-2.7251,18.476,-63.232,45.732,5.0382,100865.99
1.5381,0.1294,-1.5767,-193.598,-183.841,-35.183,2.2064,100867.62
-0.0679,0.9907,0.5869,-5.854,-265.732,-35.61,1.1535,100867.76
-0.3301,-0.502,0.3208,77.317,-137.073,69.451,0.681,100867.85
-0.7734,-0.8994,-0.415,-6.768,-7.5,39.817,1.2567,100868.16
0.0845,-0.96,-1.0029,-58.293,-51.341,-14.207,1.3909,100868.76
1.0918,-0.1782,-1.978,-134.146,-157.439,-20.183,2.2664,100868.84
0.3354,0.5752,-0.5581,-65.61,-267.073,47.317,0.8688,100868.54
-1.7715,1.0088,-2.748,-45.427,-135.122,96.098,3.4216,100869.52
-2.6665,0.4536,-0.2188,-20.244,125.305,28.476,2.7136,100870.8
-0.6787,-0.0811,0.085,-35.366,-135.061,-124.878,0.6888,100870.87
-0.0928,-0.1411,-1.1216,-27.317,131.89,-88.171,1.1342,100870.68
0.2466,0.5547,-1.2324,17.805,293.598,105.976,1.3738,100870.91
0.854,0.4658,-0.8125,-9.817,-8.11,97.744,1.2675,100870.82
-0.4272,0.0903,-1.0088,-29.024,-133.293,-24.756,1.0993,100870.0
-1.0986,0.1157,-0.9023,20.732,-26.341,-73.415,1.4264,100869.89
-0.6855,0.1328,-0.8789,59.756,82.012,-68.598,1.1225,100869.31
0.3818,-0.231,-0.9717,46.524,117.134,-41.585,1.0693,100869.88
0.8794,-0.1997,-0.8652,29.573,3.293,7.317,1.2497,100869.8
0.416,-0.0566,-1.1089,-22.134,-66.707,9.024,1.1857,100869.66
0.1099,0.1567,-1.1909,-20.061,-38.78,-30.366,1.2062,100869.05
-0.0547,-0.0747,-0.9155,13.963,7.439,-17.5,0.9202,100867.98
-0.0093,-0.2207,-0.751,1.28,15.0,9.268,0.7828,100868.78
0.0518,-0.0884,-0.9478,-22.134,-1.463,27.561,0.9533,100869.63
0.02,0.0884,-1.1367,-21.707,3.171,27.683,1.1403,100870.39
-0.0054,0.1411,-1.127,-10.915,8.78,16.402,1.1358,100870.69
0.0376,0.0776,-0.9492,-0.732,-8.598,5.366,0.9531,100870.31
-0.0542,0.0366,-0.875,-3.598,-23.963,0.976,0.8774,100870.04
-0.1196,0.0449,-0.9775,-8.598,-7.805,4.268,0.9859,100870.43
-0.1108,0.0952,-1.0054,-5.305,10.915,7.744,1.0159,100870.35
-0.0405,0.1025,-1.0107,-1.829,-5.122,0.976,1.0167,100869.94
0.0171,0.064,-1.02,0.549,-4.024,-3.72,1.0222,100869.75
0.0747,0.0381,-0.9521,5.183,6.28,-3.293,0.9558,100870.35
0.0659,0.0352,-1.0049,4.573,4.024,-3.293,1.0077,100869.83
0.0107,0.0435,-0.9917,4.451,-2.134,-4.329,0.9927,100870.28
-0.0425,0.042,-0.9805,4.451,-6.951,-5.732,0.9823,100870.41
-0.0469,0.0137,-0.9844,4.024,-2.5,-3.963,0.9856,100870.62
-0.0151,-0.0005,-0.9653,4.207,-3.659,-1.951,0.9655,100870.49
-0.0049,0.0117,-1.0098,0.61,-6.402,0.122,1.0098,100870.54
0.0059,0.0146,-1.002,-1.829,0.366,1.646,1.0021,100870.7
-0.0063,0.0181,-0.981,-3.476,-0.732,1.707,0.9811,100870.69
-0.0474,0.0327,-0.9854,-3.171,-4.024,1.037,0.987,100870.66
-0.0444,0.0498,-0.9634,-0.915,-4.817,0.915,0.9657,100870.3
-0.042,0.0376,-0.9937,-0.305,-3.963,2.256,0.9952,100869.65
-0.0229,0.0352,-0.9922,0.793,3.841,2.683,0.9931,100869.66
-0.0186,0.0425,-1.0186,1.463,6.585,1.22,1.0196,100869.54
0.002,0.0337,-0.9795,0.061,3.293,-1.037,0.9801,100869.59
-0.0166,0.0283,-0.9731,-0.244,-3.902,-2.683,0.9737,100869.39
-0.0396,0.0361,-0.9746,1.037,-2.317,-3.171,0.9761,100870.25
-0.0601,0.0259,-1.0137,0.183,-1.646,-2.5,1.0158,100870.37
-0.0566,0.0181,-1.0088,1.89,-1.951,-1.89,1.0105,100870.22
-0.0283,0.0132,-1.0,3.598,0.976,-1.89,1.0005,100870.35
-0.0024,0.0068,-0.9492,2.927,-2.256,-1.646,0.9492,100870.05
-0.0391,0.0356,-0.9551,0.854,-12.439,0.366,0.9565,100869.97
-0.0591,0.0308,-1.021,0.671,-0.366,0.671,1.0232,100869.41
-0.0127,-0.0142,-1.0264,1.28,6.28,-2.073,1.0265,100869.86
-0.0029,-0.0171,-0.9775,1.829,1.646,-1.646,0.9777,100870.96
-0.0527,0.0083,-0.96,-0.732,-0.854,0.61,0.9614,100870.55
-0.0732,-0.0005,-1.0039,-4.268,1.402,2.256,1.0066,100869.73
-0.043,0.0229,-1.0156,-2.744,3.171,2.561,1.0168,100870.23
-0.0234,0.0444,-0.9951,0.671,1.768,1.22,0.9964,100870.23
-0.0244,0.0303,-0.958,1.159,0.854,-0.793,0.9588,100869.74
-0.0498,0.0166,-0.9976,0.61,-0.732,-1.341,0.9989,100868.98
-0.0205,0.0122,-1.0132,0.244,3.476,-0.854,1.0135,100868.55
0.0,0.02,-0.9595,0.549,-2.012,-1.585,0.9597,100869.59
-0.0474,0.0044,-0.9663,-0.183,-7.744,-1.646,0.9675,100869.5
-0.0737,-0.0073,-1.0195,1.037,3.78,-0.61,1.0222,100869.33
-0.0322,0.0039,-0.9839,1.646,8.11,0.61,0.9844,100869.07
-0.0186,-0.0122,-0.9805,-0.793,-1.524,-0.305,0.9807,100868.63
-0.0376,-0.0122,-0.9854,-2.683,-1.159,-0.671,0.9861,100869.66
-0.0464,0.0229,-0.998,-0.976,0.488,-0.366,0.9994,100869.32
-0.0337,0.0327,-0.9824,0.122,0.732,1.159,0.9835,100870.05
-0.04,0.021,-0.9863,0.854,-0.976,1.037,0.9874,100869.73
-0.0356,0.0161,-0.9873,0.915,2.927,0.366,0.9881,100869.62
-0.0239,0.0112,-0.9912,1.037,1.646,-0.61,0.9916,100869.55
-0.0298,-0.0039,-0.9971,-0.183,1.463,-1.585,0.9975,100871.09
-0.0322,-0.001,-0.9683,-0.061,-0.671,-1.402,0.9688,100870.89
-0.0493,-0.0044,-1.0068,-1.159,0.305,-0.183,1.0081,100871.25
-0.0298,0.0015,-0.9858,0.793,6.768,0.549,0.9863,100871.02
-0.0298,0.0098,-0.9995,-1.159,3.415,0.0,1.0,100870.2
-0.0391,0.0049,-1.0029,-1.768,1.829,-0.793,1.0037,100870.48
-0.0332,0.0044,-0.9917,0.0,1.22,-0.915,0.9923,100870.06
-0.0254,0.0117,-1.0186,1.037,-0.366,-1.098,1.0189,100869.88
-0.0054,-0.0068,-0.9932,1.159,0.305,-0.732,0.9932,100869.37
-0.0161,-0.0156,-0.9775,-0.366,-5.427,-0.122,0.9778,100868.72
-0.041,-0.0059,-0.9927,-1.89,-2.988,0.0,0.9935,100868.99
-0.0479,0.0176,-1.0117,-1.22,0.183,-1.159,1.013,100868.94
-0.0278,0.0171,-1.0103,1.28,0.671,-2.378,1.0108,100868.78
-0.0234,-0.0068,-0.9482,2.012,-7.134,-1.707,0.9486,100868.91
-0.0415,-0.02,-0.9326,-0.61,-9.695,-1.646,0.9338,100869.48
-0.062,0.0127,-1.0078,-3.049,2.439,0.122,1.0098,100869.8
-0.043,0.0117,-1.0068,-1.22,9.146,0.122,1.0078,100869.91
-0.0186,-0.0093,-0.9673,1.768,0.976,0.122,0.9675,100870.13
-0.0308,-0.0107,-0.9614,-0.061,-2.927,-0.244,0.962,100870.91
-0.0586,0.0063,-0.998,-3.598,-2.134,0.183,0.9998,100870.62
-0.0723,0.0142,-1.083,-1.402,7.195,0.976,1.0855,100869.8
-0.002,-0.002,-0.9419,3.415,7.256,0.488,0.9419,100869.69
-0.0317,0.001,-0.9595,2.012,-12.805,-1.037,0.96,100869.84
-0.0522,-0.0024,-1.0259,-0.61,4.207,-0.549,1.0272,100869.43
-0.0303,0.0049,-0.9858,-0.366,4.878,-0.244,0.9863,100869.79
-0.0483,-0.0044,-0.9556,-0.732,-8.293,-0.427,0.9568,100870.02
-0.0435,-0.0049,-1.0107,-0.915,3.415,1.585,1.0117,100870.84
-0.02,-0.0024,-1.0151,-0.488,8.598,1.707,1.0153,100871.1
-0.0303,-0.0039,-0.9819,-1.768,-4.878,0.366,0.9824,100870.53
-0.0688,0.0005,-0.981,-0.427,-3.476,0.305,0.9834,100869.98
-0.0449,-0.0244,-0.979,1.22,5.549,-1.951,0.9803,100869.41
-0.0264,-0.0283,-1.0112,0.427,1.098,-2.622,1.012,100868.41
-0.0151,-0.0117,-0.998,0.427,3.171,-0.671,0.9982,100867.65
-0.0278,0.0142,-0.981,-0.793,1.098,0.915,0.9815,100868.7
-0.062,0.0063,-0.9922,-1.402,0.976,-0.061,0.9941,100870.6
-0.0552,-0.0127,-0.9805,-0.793,0.244,-1.89,0.9821,100870.28
-0.0391,-0.0127,-0.981,-1.22,-2.012,-2.073,0.9818,100870.17
-0.021,0.0015,-1.0176,-1.098,1.707,0.427,1.0178,100870.73
-0.0049,0.0127,-0.9912,0.793,8.049,2.622,0.9913,100870.52
-0.0264,-0.0039,-0.9517,-1.098,-1.402,0.183,0.952,100870.09
-0.0767,-0.0093,-0.9912,-2.256,-5.427,-2.622,0.9942,100870.17
-0.0562,-0.002,-1.0039,-0.915,5.915,-1.768,1.0055,100869.85
-0.0215,-0.0122,-0.9976,1.037,4.085,-0.183,0.9979,100869.71
-0.001,-0.0239,-0.9775,0.793,0.0,-0.427,0.9778,100869.48
-0.0117,-0.0054,-0.9868,-2.012,-0.122,-0.427,0.9869,100870.2
-0.0308,0.0063,-1.0151,-2.805,1.037,-0.183,1.0156,100870.37
-0.0337,-0.001,-1.0288,-0.671,2.866,0.061,1.0294,100871.62
-0.022,-0.0161,-0.9727,1.28,-0.732,-0.915,0.973,100871.94
-0.0439,-0.022,-0.9868,-0.671,-7.073,-1.951,0.988,100872.52
-0.0513,-0.002,-0.9858,0.427,-0.549,-0.732,0.9872,100872.73
-0.0488,0.0029,-0.9839,1.098,-0.671,-0.427,0.9851,100871.76
-0.0332,-0.0156,-1.0088,-1.159,-0.122,-1.768,1.0095,100870.68
-0.0142,-0.0137,-0.9829,-0.305,2.073,-1.768,0.9831,100870.98
-0.0249,0.0054,-0.9785,0.061,-2.622,-1.341,0.9788,100870.59
-0.0386,0.0015,-0.9961,-1.28,1.707,-0.427,0.9968,100870.05
-0.0439,-0.0034,-1.0044,-0.488,1.22,-0.061,1.0054,100869.02
-0.0405,-0.0103,-0.9951,0.0,-0.793,-0.366,0.996,100869.98
-0.0376,-0.0112,-0.9805,-0.671,-4.207,-0.732,0.9813,100870.47
-0.0527,-0.0132,-0.9761,-1.646,-3.415,-0.976,0.9776,100870.18
-0.0483,-0.002,-0.9854,-1.463,-2.561,-1.098,0.9865,100871.21
-0.0513,-0.0127,-1.0044,-1.098,0.061,-0.244,1.0058,100871.12
-0.0229,-0.0171,-0.9854,0.549,2.439,-0.183,0.9858,100869.83
-0.0322,-0.0122,-0.9956,-0.122,0.427,-1.402,0.9962,100869.95
-0.0586,-0.0073,-0.9873,-1.28,-1.159,-1.28,0.9891,100870.79
-0.0674,-0.0049,-0.9863,-1.159,-1.159,-0.488,0.9886,100870.95
-0.04,-0.001,-0.9863,-1.037,0.793,-0.549,0.9871,100871.9
-0.0391,-0.001,-0.9956,-0.854,-0.122,-0.671,0.9964,100871.02
-0.0439,-0.0078,-0.9897,-0.671,-0.976,-0.488,0.9908,100870.98
-0.0522,-0.0137,-0.9878,-0.732,-1.524,-0.915,0.9893,100870.98
-0.0581,-0.0112,-0.9922,-1.098,-0.976,-1.159,0.994,100870.72
-0.0469,-0.0063,-0.9883,-0.732,-0.549,-1.159,0.9894,100870.99
-0.0518,-0.0088,-0.9893,-0.427,-1.89,-0.61,0.9906,100870.96
-0.0513,-0.0156,-0.9844,-0.061,-0.366,-0.427,0.9858,100871.81
-0.0605,-0.0063,-0.9795,-1.585,0.0,-1.22,0.9814,100871.16
-0.0693,-0.0068,-0.9834,-1.22,0.793,-0.732,0.9859,100871.23
-0.043,-0.002,-0.9854,-0.244,5.0,0.183,0.9863,100871.25
-0.0244,-0.0015,-0.9907,-0.793,3.415,0.366,0.991,100871.41
-0.0405,-0.0049,-0.9863,-0.671,1.829,0.366,0.9872,100871.53
-0.0581,-0.0103,-0.9839,-0.732,2.683,-0.122,0.9857,100871.77
-0.0566,-0.0122,-0.9912,-0.671,3.232,-0.305,0.9929,100871.84
-0.0415,-0.0112,-0.9932,-0.488,3.232,0.183,0.9941,100871.37
-0.0312,-0.0117,-0.9883,0.0,2.683,0.244,0.9888,100870.62
-0.0317,-0.0093,-0.9849,-1.646,0.732,0.305,0.9854,100870.58
-0.0396,-0.0093,-1.0044,-0.671,1.098,0.122,1.0052,100870.2
-0.0293,-0.0029,-0.9849,0.488,6.037,1.037,0.9853,100870.0
-0.0361,-0.0103,-0.9814,-0.793,0.488,-0.427,0.9822,100870.6
-0.0518,-0.0112,-1.0005,-1.341,2.073,-0.549,1.0019,100869.8
-0.0278,-0.0024,-0.9775,-0.244,3.293,0.061,0.9779,100869.97
-0.0264,-0.002,-0.9922,-0.793,0.244,0.0,0.9925,100870.45
-0.0239,-0.0024,-1.0044,-0.793,2.866,0.183,1.0047,100870.45
-0.0181,-0.0151,-0.9878,-0.061,3.598,-0.122,0.9881,100870.45
-0.0244,-0.0186,-0.9868,0.061,-1.037,-0.61,0.9873,100871.06
-0.0347,-0.0132,-1.0054,-0.671,2.561,-0.122,1.0061,100869.77
-0.0269,-0.0078,-0.9849,0.61,4.207,0.061,0.9853,100869.7
-0.0225,0.0005,-0.9785,0.061,-2.805,0.122,0.9788,100869.65
-0.0361,-0.0059,-1.0239,-0.732,4.146,1.098,1.0246,100869.87
-0.0078,-0.0132,-1.002,1.829,6.463,1.22,1.0021,100869.91
-0.0146,-0.0244,-1.0107,0.0,-0.854,-0.366,1.0111,100869.31
-0.0264,-0.0259,-0.9873,0.427,-3.049,-1.646,0.988,100869.33
-0.0352,-0.02,-0.9839,1.037,-2.195,-1.951,0.9847,100869.87
-0.0327,-0.0103,-0.9956,0.488,-0.488,-1.159,0.9962,100870.26
-0.0225,-0.0107,-0.9917,0.061,1.037,-0.61,0.992,100869.44
-0.0122,-0.0107,-0.9805,-0.732,-0.122,0.0,0.9806,100869.59
-0.0205,-0.0161,-0.9873,-2.073,-2.439,-0.61,0.9876,100869.94
-0.0356,-0.0098,-1.0073,-1.646,-0.793,-1.037,1.008,100870.57
-0.0288,-0.0127,-0.9805,-0.061,-0.183,-1.341,0.981,100870.16
-0.0376,-0.0195,-0.9902,-0.427,-3.78,-0.671,0.9911,100870.98
-0.0347,-0.0264,-0.9814,-1.402,-0.366,-0.61,0.9824,100870.25
-0.0259,-0.0146,-0.9976,-1.768,-0.122,-0.915,0.998,100871.16
-0.0352,-0.0166,-0.9883,-2.195,-0.427,-1.524,0.989,100871.24
-0.0454,-0.0151,-0.9937,-1.951,-0.427,-1.463,0.9948,100871.3
-0.0332,-0.0029,-0.9902,-0.305,2.988,-0.549,0.9908,100871.34
-0.0156,-0.0083,-0.9902,-0.427,1.402,-0.183,0.9904,100871.62
-0.0215,-0.0088,-0.9912,-0.976,-0.976,-0.244,0.9915,100870.84
-0.0381,-0.0151,-0.9951,-0.61,1.402,0.183,0.996,100870.49
-0.041,-0.0146,-0.9756,-0.427,1.707,-0.183,0.9766,100870.38
-0.0483,-0.0098,-0.9956,-1.402,0.427,-0.366,0.9968,100871.4
-0.0254,-0.0176,-0.9971,-1.098,0.854,-0.854,0.9975,100871.66
-0.0225,-0.0161,-0.9922,-0.732,-2.805,-1.707,0.9926,100870.88
-0.0322,-0.019,-0.9868,-0.61,-2.805,-1.22,0.9875,100870.9
-0.0332,-0.019,-0.9883,-0.732,-1.829,-0.549,0.989,100871.16
-0.042,-0.0068,-1.0137,-1.037,-0.61,-1.037,1.0146,100871.96
-0.0439,-0.0093,-0.9941,-2.134,-0.915,-0.854,0.9952,100871.47
-0.0425,-0.0176,-0.9976,-1.768,-2.317,-1.402,0.9986,100871.33
-0.0352,-0.0049,-1.0083,-2.195,-2.317,-1.341,1.0089,100870.38
-0.042,0.0034,-1.0059,-3.11,-5.244,-1.768,1.0067,100870.54
-0.0684,-0.0044,-0.9658,-4.024,-11.28,-1.951,0.9682,100870.77
-0.0835,-0.0132,-0.9463,-2.744,-6.22,-0.976,0.9501,100870.93
-0.0552,-0.0078,-0.9336,1.159,4.573,-0.366,0.9353,100870.69
-0.0459,0.0029,-0.9858,0.244,4.512,0.549,0.9869,100871.11
-0.0557,0.0181,-1.0864,0.61,16.28,2.805,1.088,100871.32
-0.0312,0.0137,-0.9712,1.28,27.134,4.39,0.9718,100870.73
0.0054,-0.022,-0.8916,-6.037,-11.89,-0.244,0.8919,100871.55
-0.0356,-0.0146,-0.9941,-4.878,-12.073,0.427,0.9949,100870.66
-0.0728,-0.001,-1.0244,-3.232,1.768,2.012,1.027,100870.13
-0.0928,-0.0576,-1.0151,-0.305,-1.402,-2.744,1.021,100869.62
-0.04,-0.0962,-0.9546,10.0,-8.232,-8.598,0.9603,100869.46
-0.0254,-0.1499,-1.0234,10.183,-0.488,-10.183,1.0347,100870.2
-0.0156,-0.0938,-0.9214,0.61,-9.512,-12.378,0.9263,100870.16
-0.1055,0.1206,-1.0054,-12.256,-16.646,-10.061,1.0181,100870.36
-0.1143,0.1675,-1.0151,-5.305,5.122,-5.854,1.0352,100870.27
-0.0386,0.0747,-0.958,6.768,2.622,-3.171,0.9617,100870.31
-0.0137,0.0454,-1.002,2.5,3.598,3.476,1.0031,100870.12
-0.0278,0.0884,-0.9912,-5.854,6.28,8.598,0.9955,100870.2
-0.04,0.0918,-1.0054,-5.671,7.317,7.744,1.0103,100870.78
-0.0347,0.021,-1.0029,6.22,7.195,3.963,1.0037,100871.57
-0.0562,-0.0835,-0.9907,14.939,2.988,3.232,0.9958,100871.16
-0.0884,-0.1494,-0.9414,6.951,0.122,5.305,0.9573,100871.86
-0.0991,-0.1211,-1.0083,-6.829,-2.683,6.524,1.0204,100871.77
-0.0562,-0.1006,-0.9976,-5.366,3.537,5.61,1.0042,100871.93
-0.0356,-0.1138,-0.9619,0.061,-3.171,3.537,0.9693,100871.83
-0.0625,-0.0879,-1.0288,-0.793,-1.463,-2.256,1.0344,100871.48
-0.0391,-0.0806,-0.9463,-0.61,-2.5,-7.073,0.9505,100871.73
-0.0508,-0.0298,-0.9937,-7.439,-1.829,-9.207,0.9954,100871.68
-0.0215,0.0352,-1.0151,-8.963,8.049,-7.622,1.016,100871.98
-0.019,0.0762,-0.999,-5.427,5.183,-4.39,1.0021,100871.62
-0.0381,0.0923,-0.9683,-3.598,-0.244,-2.866,0.9734,100871.22
-0.062,0.0708,-1.0034,-0.854,-2.439,-2.561,1.0078,100870.55
-0.0576,0.0308,-1.0015,-0.549,8.963,0.549,1.0036,100870.66
-0.0503,0.0039,-0.98,-2.256,2.744,1.646,0.9813,100870.84
-0.0679,0.0,-0.9448,-1.159,-3.537,1.159,0.9473,100870.51
-0.0698,0.019,-0.9854,-0.732,1.463,2.073,0.988,100871.61
-0.0317,0.0098,-0.9609,1.89,2.439,5.305,0.9615,100871.57
-0.0479,-0.0488,-1.0283,2.683,-5.671,6.646,1.0306,100871.55
-0.0332,-0.0659,-1.0425,0.549,7.988,4.085,1.0451,100872.03
0.0303,-0.0508,-0.915,0.427,-0.122,-1.22,0.9169,100871.91
-0.022,-0.042,-1.0117,-3.293,-12.134,-6.463,1.0128,100871.56
-0.0405,-0.0601,-1.0645,-1.28,11.89,-12.317,1.0669,100870.94
-0.0317,-0.001,-0.9712,5.061,4.634,-8.659,0.9717,100870.96
-0.0669,0.0278,-0.9829,-5.427,-1.646,3.72,0.9856,100870.88
-0.0366,0.0151,-1.0107,-13.415,8.415,4.695,1.0115,100869.92
0.0142,0.0435,-1.0317,-10.0,14.634,-1.28,1.0328,100869.57
0.0908,-0.001,-1.0381,1.768,18.902,-4.695,1.0421,100869.55
0.0405,-0.084,-0.9312,4.39,23.841,3.11,0.9358,100870.53
-0.1172,-0.0376,-0.9834,-5.854,4.146,-2.805,0.9911,100870.52
-0.0698,0.0088,-1.0098,-6.951,3.72,-9.329,1.0122,100870.64
0.0122,0.0469,-0.9414,-7.988,10.061,-4.878,0.9427,100870.36
0.0093,0.1504,-0.9897,-9.451,0.061,2.805,1.0011,100871.26
-0.0024,0.1343,-0.9834,0.0,-2.195,5.671,0.9925,100870.83
0.0029,0.0034,-1.0063,6.28,-0.976,3.476,1.0064,100871.14
-0.0078,-0.0645,-0.9893,10.732,-3.78,4.573,0.9914,100870.73
0.0039,-0.042,-0.9619,4.756,-7.805,4.146,0.9628,100871.55
0.0034,-0.0234,-1.0342,-2.012,-9.573,2.256,1.0345,100871.04
0.0103,-0.0181,-0.9697,5.244,-13.598,1.22,0.9699,100871.05
-0.0303,-0.0117,-0.9517,5.427,-21.159,-2.805,0.9522,100871.16
-0.084,-0.0537,-0.9507,3.11,-24.329,-4.207,0.9559,100871.9
-0.0869,-0.0303,-1.0776,5.915,-25.488,-3.598,1.0816,100871.32
-0.123,-0.043,-1.0068,14.939,-17.134,-3.049,1.0152,100871.61
-0.1558,-0.0684,-0.9888,-0.854,0.305,0.061,1.0033,100871.95
-0.0986,-0.0669,-0.9922,-13.171,20.0,0.244,0.9993,100871.72
-0.0854,-0.0146,-0.958,-15.854,21.89,1.829,0.9619,100871.52
-0.0171,0.0322,-1.0195,-14.939,17.073,1.951,1.0202,100871.14
0.0576,0.021,-0.9556,-14.451,22.744,1.159,0.9575,100871.71
0.1235,0.061,-0.9268,-18.72,7.988,1.585,0.9369,100871.66
-0.0034,0.0371,-0.9971,-15.671,0.732,-3.293,0.9978,100871.98
0.0806,0.0259,-0.9409,-7.866,7.012,-7.195,0.9447,100871.23
0.2422,0.1187,-0.9043,-2.012,-9.634,-0.915,0.9437,100870.66
-0.0479,0.0806,-0.9966,5.122,-40.244,-5.244,1.001,100870.55
-0.1777,0.1143,-1.0586,7.439,-32.5,-6.524,1.0795,100870.67
-0.2676,0.1016,-1.0557,8.841,-15.122,-4.207,1.0938,100870.88
-0.3032,0.0747,-0.9951,8.232,-1.159,-0.61,1.043,100870.66
-0.2534,0.0166,-1.042,14.695,9.268,0.244,1.0725,100870.85
-0.1108,0.0078,-0.8911,21.585,26.89,-2.927,0.898,100871.24
0.0645,-0.0435,-0.9648,8.537,26.037,-5.0,0.968,100871.45
-0.0762,-0.1143,-1.082,9.146,17.378,-5.549,1.0907,100870.84
0.0059,-0.0781,-0.793,-1.585,15.854,3.293,0.7968,100870.73
-0.0811,0.0161,-1.0161,-11.341,-5.122,6.463,1.0195,100871.31
-0.1411,0.0107,-1.0928,-10.61,6.646,11.037,1.1019,100871.72
-0.0464,-0.0664,-1.0303,0.488,6.524,7.805,1.0335,100871.16
0.0068,-0.0869,-0.9302,-1.341,11.463,2.317,0.9343,100872.1
0.02,-0.0483,-0.9194,-14.268,15.488,0.671,0.9209,100871.84
-0.0166,-0.0811,-1.0073,-20.244,13.354,-3.11,1.0107,100871.28
-0.0522,0.0703,-0.9761,-14.207,-2.988,-5.61,0.98,100871.07
-0.0562,0.1035,-1.0142,-20.0,-22.378,-4.634,1.021,100871.94
-0.0195,-0.0054,-1.0342,-5.915,-21.768,-11.402,1.0344,100871.45
-0.0327,0.0039,-0.9668,6.89,-9.939,-12.195,0.9674,100871.12
-0.0547,0.082,-0.9907,-0.915,-1.829,-6.28,0.9956,100871.09
-0.0352,0.1367,-0.9912,-5.61,1.098,0.976,1.0012,100870.95
-0.0054,0.123,-0.9946,-4.207,-2.805,0.488,1.0022,100870.48
0.0229,0.0371,-0.9985,-0.671,-7.378,-3.598,0.9995,100870.24
-0.0215,-0.022,-0.9854,1.768,-7.866,-3.902,0.9858,100870.19
-0.1074,0.0107,-0.9976,-0.976,0.061,-0.488,1.0034,100870.29
-0.1328,0.0513,-0.9883,-2.988,5.61,1.28,0.9985,100870.98
-0.1099,0.0645,-0.9502,-2.866,3.354,2.073,0.9587,100871.23
-0.0898,0.0439,-0.9468,-2.988,1.22,2.5,0.952,100870.31
-0.0688,0.041,-1.0039,-2.439,5.61,1.646,1.0071,100870.99
-0.0254,0.0562,-1.0259,-1.28,10.976,1.098,1.0277,100870.62
-0.0117,0.0542,-0.981,0.0,3.232,-0.244,0.9825,100870.72
