ax,ay,az,gx,gy,gz,avm,pressure
0.8149,-0.1406,-0.5742,-1.037,2.195,0.305,1.0068,100756.45
0.8149,-0.1377,-0.5679,-1.159,1.402,0.549,1.0028,100757.25
0.8203,-0.1353,-0.5732,-0.61,-0.183,0.305,1.0099,100757.57
0.8247,-0.1353,-0.5776,-0.183,-0.793,0.122,1.0159,100757.56
0.8184,-0.1382,-0.5679,-0.122,0.0,-0.122,1.0056,100757.2
0.8154,-0.1387,-0.5679,0.732,-1.098,0.305,1.0033,100756.45
0.8149,-0.1396,-0.5708,0.671,-1.098,0.61,1.0047,100756.74
0.8213,-0.1348,-0.5684,-0.732,-0.427,-0.244,1.0078,100756.99
0.8174,-0.1338,-0.5723,-0.854,-0.183,-0.122,1.0067,100756.41
0.8169,-0.1372,-0.5791,-0.305,0.122,0.488,1.0107,100756.23
0.8174,-0.1401,-0.5767,0.244,1.098,0.732,1.0101,100755.86
0.8145,-0.1387,-0.5718,0.854,4.024,1.341,1.0047,100756.19
0.8164,-0.1431,-0.5576,-0.244,4.39,0.976,0.999,100756.44
0.8203,-0.1401,-0.5625,-0.915,-1.829,-0.183,1.0045,100756.5
0.8223,-0.1392,-0.5679,-0.793,-3.293,-0.671,1.0089,100756.29
0.8296,-0.1318,-0.584,-0.061,-5.122,-0.732,1.0231,100755.05
0.8193,-0.1387,-0.5781,-0.183,-2.439,-0.549,1.0123,100755.45
0.8179,-0.1392,-0.5801,0.549,0.122,0.244,1.0123,100755.38
0.8174,-0.1416,-0.582,1.341,-2.073,0.793,1.0134,100755.59
0.8213,-0.1406,-0.5874,-0.305,-3.963,0.549,1.0195,100756.48
0.8154,-0.1357,-0.5923,-1.402,-2.378,-0.671,1.0169,100756.17
0.8179,-0.1299,-0.5996,-3.841,-0.854,-0.854,1.0224,100755.68
0.8237,-0.1255,-0.605,-7.683,2.866,-1.585,1.0297,100755.55
0.8306,-0.1216,-0.5938,-11.159,8.537,-2.5,1.0282,100755.22
0.894,-0.1255,-0.4956,-21.22,38.72,2.561,1.0299,100755.93
0.9175,-0.0962,-0.4619,-22.561,16.341,-0.671,1.0317,100755.88
0.8447,-0.1089,-0.5586,-17.134,-22.866,-3.049,1.0186,100755.82
0.8521,-0.0889,-0.6016,-20.366,-22.683,-4.207,1.0468,100755.67
0.8442,-0.0874,-0.5854,-23.11,2.988,-2.561,1.0311,100756.18
0.8467,-0.0952,-0.5562,-19.207,23.72,2.195,1.0175,100755.31
0.8706,-0.082,-0.5024,-2.805,32.256,1.22,1.0085,100755.77
0.8843,-0.0806,-0.5435,8.902,25.854,1.951,1.041,100755.74
0.894,-0.0938,-0.4946,6.768,57.5,-3.415,1.026,100755.64
0.9023,-0.0649,-0.3838,5.61,57.439,-4.573,0.9827,100755.45
0.9268,-0.0908,-0.3286,10.0,31.951,-5.976,0.9875,100755.41
0.9365,-0.0454,-0.3579,13.476,17.317,-7.561,1.0036,100755.52
0.8828,-0.0825,-0.3682,2.683,13.963,-4.634,0.9601,100755.45
0.894,-0.0513,-0.3169,-5.061,24.817,-8.537,0.9499,100754.82
0.8862,-0.0474,-0.2974,-2.622,33.659,-6.22,0.936,100755.45
0.9082,-0.0459,-0.3179,2.256,28.841,-5.488,0.9633,100755.31
0.9351,-0.0229,-0.3184,6.707,24.573,-0.671,0.988,100756.05
0.9473,-0.0488,-0.313,7.744,31.402,7.622,0.9988,100755.66
0.9355,-0.0708,-0.3101,4.695,50.732,3.902,0.9881,100755.96
0.9326,-0.0269,-0.2349,-4.939,74.451,-3.232,0.9621,100755.91
0.9258,-0.0151,-0.1318,-0.305,50.427,-0.976,0.9352,100756.15
0.9307,-0.0127,-0.1016,10.305,15.122,2.256,0.9363,100756.3
0.9326,-0.0005,-0.125,8.902,23.232,4.085,0.941,100756.31
0.9648,-0.0337,-0.1294,2.378,11.159,4.817,0.9741,100755.79
0.9873,-0.0479,-0.1318,6.463,13.049,3.659,0.9972,100755.78
0.9927,-0.0566,-0.1284,10.549,15.0,1.768,1.0025,100755.8
0.9961,-0.0703,-0.1152,10.183,14.939,2.561,1.0052,100755.68
1.0181,-0.0732,-0.106,9.329,13.72,1.341,1.0262,100756.2
1.0308,-0.0708,-0.1089,8.049,10.305,-2.134,1.0389,100755.84
1.0405,-0.0688,-0.1128,5.0,3.293,-4.634,1.0489,100755.09
1.0454,-0.064,-0.0967,2.5,-0.427,-6.829,1.0518,100755.39
1.0234,-0.0527,-0.0806,-0.915,2.683,-10.732,1.028,100755.7
1.0449,-0.0386,-0.0776,-8.11,21.402,-13.476,1.0485,100755.62
1.0015,-0.0474,-0.0688,-13.11,38.963,-17.195,1.0049,100755.8
0.9946,-0.0254,0.0181,-8.963,31.463,-24.695,0.9951,100755.81
0.9756,0.0146,0.0259,-3.902,30.732,-29.756,0.976,100755.21
0.9619,0.0552,0.0688,0.427,33.902,-28.659,0.966,100755.49
0.9165,0.0757,0.0947,1.463,27.378,-31.768,0.9245,100754.98
0.9336,0.0967,0.0933,1.341,20.305,-36.707,0.9432,100754.84
0.9487,0.1147,0.0967,3.598,17.866,-39.878,0.9605,100754.87
0.9507,0.123,0.1074,2.622,14.085,-43.415,0.9646,100755.52
0.9585,0.1191,0.104,-1.707,9.573,-38.415,0.9715,100756.13
1.0381,0.1401,0.1079,-1.707,20.61,-16.951,1.053,100755.64
1.1201,0.1802,0.1284,7.195,17.5,16.341,1.1418,100755.96
1.0947,0.145,0.1133,10.122,-3.78,48.659,1.1101,100756.0
0.8633,0.0249,0.1177,1.098,-18.415,61.89,0.8716,100756.27
0.917,0.0088,0.0903,2.622,-12.256,59.451,0.9215,100755.85
0.9355,-0.0273,0.0771,10.854,1.098,58.902,0.9391,100756.27
0.9478,-0.0415,0.1323,14.207,-3.72,42.317,0.9578,100756.61
1.0723,-0.0376,0.1162,4.695,12.866,15.793,1.0792,100756.85
1.0815,-0.0083,0.126,1.768,-0.854,-13.171,1.0889,100757.63
0.9868,0.0166,0.1431,1.829,-13.11,-34.39,0.9973,100756.89
0.939,-0.0068,0.0928,-1.707,-13.598,-43.659,0.9436,100756.71
0.8174,0.0024,0.0562,-7.683,-10.976,-48.476,0.8193,100757.06
0.8599,0.0591,0.0835,-6.341,-7.439,-49.817,0.8659,100756.71
0.978,0.0098,0.0449,-9.573,-0.732,-42.073,0.9791,100756.07
1.1255,0.0327,0.0615,-12.927,20.915,-34.756,1.1276,100756.09
1.2554,0.1045,0.1562,-7.683,41.524,-9.268,1.2694,100756.1
1.1558,0.0757,0.1758,1.89,41.341,23.72,1.1715,100755.38
0.9194,0.0703,0.1831,0.549,18.72,33.476,0.9401,100756.02
0.8228,0.0391,0.1362,-10.305,-15.854,22.561,0.8349,100756.42
0.8896,0.0537,0.0845,-10.427,-46.341,4.512,0.8953,100756.58
0.9629,0.0566,0.0435,6.463,-36.951,5.122,0.9655,100756.7
1.0269,0.0693,0.1362,8.659,-29.573,10.915,1.0382,100756.45
0.8857,0.0132,0.083,-8.11,-15.671,14.329,0.8897,100755.87
0.9463,0.0396,0.0518,8.293,0.854,9.268,0.9485,100755.8
1.0503,0.1401,0.0869,33.72,5.183,11.951,1.0632,100756.0
1.0557,0.1548,0.1118,20.915,4.451,15.915,1.0728,100756.29
1.0493,0.0596,0.0415,-9.878,14.268,10.61,1.0518,100754.91
0.9863,-0.0356,0.0312,-15.976,15.488,1.524,0.9875,100755.84
0.8643,-0.0459,0.0884,-4.695,19.024,-1.585,0.87,100755.68
0.8711,-0.0229,0.1245,4.329,18.963,1.402,0.8802,100755.79
0.9678,-0.0195,0.1216,6.89,18.11,5.0,0.9756,100755.99
1.0269,0.0093,0.1323,10.244,14.817,12.195,1.0354,100756.3
1.1162,0.0381,0.1685,5.854,22.622,12.378,1.1295,100756.19
1.1577,0.0381,0.124,-7.744,13.476,1.951,1.165,100756.2
1.0938,0.0186,0.1016,-15.366,5.427,-5.122,1.0986,100755.95
0.9634,-0.0068,0.0659,-15.732,-1.402,-3.72,0.9657,100755.36
0.8594,-0.0376,0.0923,-4.817,-11.951,0.732,0.8651,100755.35
0.8408,-0.064,0.1533,4.207,-2.683,4.024,0.8571,100754.46
0.9009,-0.0225,0.2046,2.866,17.866,1.098,0.9241,100754.63
0.936,-0.0073,0.2847,7.744,22.683,6.159,0.9784,100754.79
1.1113,0.0244,0.2383,10.671,21.646,5.122,1.1368,100754.91
1.1279,0.0361,0.2441,0.488,20.549,-9.146,1.1546,100755.23
0.9302,-0.0103,0.1836,-1.402,-15.244,-11.22,0.9482,100755.37
0.8564,-0.0229,0.103,1.402,-19.634,-4.024,0.8629,100755.34
0.8633,-0.02,0.1421,5.427,-12.744,-2.988,0.8751,100756.18
0.9688,-0.0264,0.1885,11.341,-12.012,-0.549,0.9873,100756.41
1.1128,0.0386,0.1943,15.793,-1.159,2.622,1.1303,100756.59
1.2432,0.0835,0.2271,5.732,12.866,5.305,1.2665,100756.11
1.146,0.0161,0.1973,-10.854,11.646,4.573,1.163,100756.01
0.9639,-0.0234,0.1558,-15.976,0.0,-1.646,0.9767,100756.05
0.7866,-0.0303,0.0874,-7.744,-17.5,-3.415,0.792,100755.34
0.6812,-0.0229,0.0879,4.085,-31.524,-1.768,0.6872,100756.03
0.7051,-0.0151,0.1421,11.098,-6.037,0.976,0.7194,100756.06
0.9648,0.0483,0.1587,14.756,8.354,0.915,0.979,100756.21
1.0962,0.0967,0.1816,18.537,-6.463,1.951,1.1153,100756.55
1.0688,0.019,0.2529,14.39,7.927,4.878,1.0985,100756.59
1.1147,0.0376,0.2324,9.024,28.963,-1.768,1.1393,100755.97
0.9829,0.042,0.1289,1.098,21.585,-7.927,0.9922,100755.91
0.896,-0.0063,0.0161,-0.488,-8.841,-6.768,0.8962,100756.22
0.8262,-0.0601,0.1191,8.537,-3.171,3.72,0.8369,100756.81
0.875,-0.0352,0.2568,13.049,0.061,-1.89,0.9126,100756.5
1.2085,0.0269,0.2856,7.012,10.366,-10.366,1.2421,100757.02
1.4238,0.0708,0.314,-4.085,28.902,-0.732,1.4598,100757.03
1.2178,0.1206,0.2334,-17.561,7.378,1.098,1.2458,100756.3
0.9512,0.0278,0.1177,-25.244,-31.89,-2.073,0.9588,100756.62
0.7573,-0.0527,0.0972,-13.78,-31.159,1.28,0.7654,100756.38
0.7383,-0.0288,0.0996,-2.012,-28.171,0.244,0.7455,100755.84
0.7773,-0.0127,0.1177,5.671,-18.354,3.293,0.7863,100756.14
0.8481,0.0352,0.2168,12.561,-1.768,6.585,0.8761,100756.64
0.9805,0.0635,0.2842,9.817,6.768,7.683,1.0228,100755.91
1.1631,0.1118,0.2402,2.134,16.463,4.39,1.1929,100755.75
1.2769,0.0737,0.1406,-9.573,8.476,-3.902,1.2867,100756.33
1.2041,0.0264,0.0317,-14.39,-13.049,-9.024,1.2048,100756.54
1.022,-0.0181,0.0459,-11.402,-20.915,-3.902,1.0232,100756.33
0.8467,-0.0273,0.0405,-7.744,-14.512,2.988,0.8481,100755.67
0.7363,-0.021,0.0713,0.183,-2.317,6.768,0.7401,100755.05
0.752,-0.0044,0.127,6.341,0.0,5.061,0.7626,100755.42
0.8306,0.0039,0.1782,10.366,2.927,3.11,0.8495,100755.74
0.9824,0.0234,0.2666,15.122,6.89,-4.024,1.0182,100755.96
1.1782,0.123,0.2017,8.232,-4.268,-17.622,1.2017,100755.64
1.1758,0.1411,0.1489,-4.878,-11.037,-14.817,1.1935,100756.98
1.1201,0.0654,0.1396,-13.659,-4.329,-6.098,1.1307,100756.27
1.1089,0.0107,0.0464,-15.061,-1.524,-2.439,1.1099,100756.36
1.0483,-0.0073,-0.0137,-7.622,-2.683,1.159,1.0485,100756.3
0.896,0.002,0.0181,3.659,-2.622,5.915,0.8962,100756.39
0.8071,0.0073,0.0874,8.415,-1.829,7.5,0.8119,100756.7
0.8145,0.0156,0.1284,8.049,0.488,7.134,0.8247,100756.33
0.8682,0.0269,0.1753,8.293,4.634,7.927,0.8861,100756.65
0.9722,0.0454,0.2144,3.78,3.598,5.0,0.9966,100756.41
1.0874,0.0464,0.1851,-4.024,3.598,1.159,1.104,100756.36
1.1304,0.0298,0.1538,-6.098,7.256,0.305,1.1412,100756.67
1.0933,0.0273,0.0981,-4.634,5.427,-0.854,1.098,100756.9
0.9712,0.0249,0.0654,-1.463,3.78,-0.549,0.9737,100757.06
0.9146,0.0171,0.0894,0.366,5.976,0.488,0.9191,100757.21
0.9336,0.002,0.1348,1.585,10.183,0.061,0.9433,100757.45
0.9492,0.0127,0.1611,0.305,5.976,-0.854,0.9629,100756.72
1.0068,0.022,0.1826,-8.354,6.829,2.317,1.0235,100756.47
1.0083,0.0264,0.1714,-7.073,7.805,1.28,1.0231,100755.88
0.9946,0.0439,0.1436,-5.122,10.976,-1.037,1.0059,100755.83
0.9951,0.0376,0.1216,-5.61,8.354,-0.244,1.0032,100755.65
0.9775,0.022,0.1719,-0.61,13.415,2.622,0.9928,100756.28
0.9521,0.0234,0.1919,2.012,16.768,1.707,0.9716,100755.74
0.9536,0.0371,0.2017,-0.427,4.207,0.793,0.9754,100756.11
0.9644,0.0254,0.2129,-0.061,1.037,2.561,0.9879,100755.49
0.9683,0.0117,0.2065,1.829,2.317,3.659,0.9901,100756.03
0.9844,0.0073,0.2026,2.622,0.854,3.415,1.005,100755.56
0.9746,0.0068,0.1924,4.024,2.134,5.366,0.9934,100755.24
0.9546,-0.0078,0.2065,4.451,12.622,9.512,0.9767,100754.98
0.9507,-0.0137,0.2017,3.78,21.402,10.183,0.9719,100755.66
0.9595,-0.002,0.2305,3.78,13.049,7.256,0.9868,100756.41
0.9409,0.0078,0.2471,0.366,3.72,3.232,0.9728,100756.0
0.9517,0.0044,0.23,-2.378,2.378,1.585,0.9791,100756.27
0.9517,-0.0015,0.2466,-2.134,-0.061,1.463,0.9831,100756.37
0.9614,-0.0078,0.2485,-1.951,-5.854,0.793,0.9931,100755.83
0.9795,-0.0151,0.2246,2.134,-12.5,0.671,1.005,100755.56
0.9692,0.0,0.207,7.927,-20.183,-0.244,0.9911,100755.98
0.9639,0.0024,0.1855,10.732,-32.927,-3.293,0.9816,100756.16
0.959,-0.0107,0.1895,14.512,-33.293,-2.683,0.9776,100755.92
0.9531,-0.0142,0.1465,19.939,-21.89,0.0,0.9644,100756.01
0.9888,0.0303,0.1309,24.39,-21.159,-0.305,0.9979,100756.3
1.0186,0.0107,0.1484,14.634,-9.878,0.244,1.0294,100757.14
0.979,-0.0034,0.1128,9.024,-8.171,-0.305,0.9855,100757.27
0.9575,0.0176,0.0869,9.939,-14.207,-1.098,0.9616,100756.73
0.9561,0.0049,0.0942,7.866,-6.951,-0.915,0.9607,100756.23
0.9819,0.0312,0.1392,7.195,-5.427,-1.463,0.9922,100756.23
0.9536,0.0269,0.1138,0.793,-6.768,0.061,0.9608,100756.6
0.9375,0.02,0.1035,-2.5,-6.951,-0.183,0.9434,100757.23
0.9844,0.0376,0.0732,-2.317,-4.268,-0.671,0.9878,100757.06
0.9717,0.0312,0.1069,-1.646,8.537,-2.5,0.978,100757.46
0.9805,0.0181,0.1245,-5.122,6.89,-2.317,0.9885,100757.65
0.9624,0.0039,0.0991,-0.854,5.061,2.561,0.9675,100756.67
0.894,0.0229,0.1191,0.61,10.427,5.793,0.9022,100757.16
0.9224,0.0098,0.106,-5.915,11.89,4.207,0.9285,100757.55
0.9849,0.002,0.0708,-3.841,4.146,-1.585,0.9874,100757.87
1.022,0.0439,0.0723,4.634,10.244,1.037,1.0255,100757.22
1.0103,0.0562,0.1016,-1.524,10.549,-0.549,1.0169,100757.57
1.0718,0.0698,0.0801,-11.829,-13.354,-6.89,1.077,100756.98
1.1138,0.0122,0.1406,-22.5,-23.476,7.134,1.1227,100757.02
1.0498,-0.0522,0.1665,-30.915,-8.72,17.927,1.0642,100756.55
0.9683,-0.0425,0.1528,-27.378,-2.927,16.585,0.9812,100756.7
0.8838,-0.061,0.0933,-17.5,7.195,18.963,0.8908,100756.56
0.917,-0.0557,0.0845,0.549,4.268,4.146,0.9226,100756.82
1.1099,-0.0239,0.0801,9.39,-15.061,-6.341,1.113,100756.38
0.9805,-0.0493,0.1123,0.305,5.244,-0.671,0.9881,100756.56
1.0078,-0.0474,0.1162,1.402,1.951,-9.085,1.0156,100757.32
0.9692,0.0156,0.1606,9.146,-1.951,-7.012,0.9826,100757.01
0.9038,-0.0249,0.1802,6.037,37.683,-4.756,0.9219,100757.76
0.9521,-0.0088,0.1372,13.537,38.78,-17.134,0.962,100757.72
0.9888,0.0283,0.1274,20.488,5.061,-15.61,0.9974,100757.7
1.0972,0.021,0.2324,19.939,13.171,-12.439,1.1217,100756.68
1.0508,0.0444,0.1782,9.207,-3.598,-3.476,1.0667,100757.05
0.9263,0.0166,0.1992,16.951,-34.634,7.317,0.9476,100757.55
0.9849,0.0269,0.1665,12.195,-7.683,-3.415,0.9992,100757.82
0.9746,0.0786,0.104,-0.549,12.073,-6.402,0.9833,100757.63
0.9414,0.0444,0.1816,4.451,2.195,-10.183,0.9598,100757.99
1.0186,0.0869,0.1792,7.195,-10.305,-12.134,1.0378,100757.77
1.0503,0.1665,0.1826,10.854,-24.024,-8.293,1.079,100757.62
1.0146,0.105,0.208,23.171,-34.695,-5.549,1.0411,100758.01
1.064,0.0425,0.166,24.939,-35.305,-2.5,1.0777,100758.04
1.0732,0.0063,0.1289,14.268,-23.11,11.585,1.081,100758.09
1.0698,0.0103,0.1475,10.427,-7.378,18.598,1.08,100758.35
0.9961,0.0352,0.1245,5.488,7.561,23.72,1.0045,100758.33
1.1143,0.0591,-0.002,4.268,-18.171,17.134,1.1158,100758.9
1.1089,0.0386,-0.0112,3.72,-29.024,14.756,1.1096,100758.87
1.0532,-0.0776,-0.0728,-0.305,-28.293,9.695,1.0586,100758.23
1.1108,0.0103,-0.1035,16.463,-43.598,5.122,1.1157,100758.74
0.811,0.0322,-0.0615,19.329,-25.183,22.988,0.814,100758.38
0.9497,-0.1455,-0.0371,13.171,17.988,7.317,0.9615,100758.48
1.1177,-0.1191,-0.0532,25.366,-8.476,-10.244,1.1253,100758.8
1.0093,0.0117,0.0884,31.28,-3.841,9.817,1.0132,100759.15
0.8179,-0.0098,0.0229,6.951,-12.744,19.146,0.8183,100759.43
0.8579,-0.0298,-0.1733,-8.232,-35.732,10.671,0.8758,100759.12
1.0015,-0.0264,-0.2295,-3.78,-27.988,5.793,1.0278,100759.39
0.9766,-0.0229,-0.1396,-1.341,-16.951,8.171,0.9868,100758.61
0.9478,-0.0229,-0.1465,-15.305,-14.39,0.976,0.9593,100759.62
1.0,-0.0122,-0.2207,-23.11,-21.768,-9.085,1.0241,100759.67
1.0288,0.0054,-0.21,-22.195,-28.232,-3.476,1.05,100759.86
1.022,-0.0083,-0.2617,-12.683,-20.0,16.829,1.055,100760.04
0.9561,-0.0669,-0.1523,-1.341,-11.829,34.817,0.9704,100760.7
0.9268,-0.1196,-0.1538,3.232,8.537,25.61,0.947,100761.49
0.9365,-0.0811,-0.1841,3.841,8.354,10.122,0.9579,100760.41
0.8911,-0.0825,-0.1836,-5.366,5.976,2.439,0.9136,100761.11
0.916,-0.1113,-0.1812,-7.439,7.622,-9.207,0.9404,100761.16
1.0278,-0.082,-0.1377,-0.671,1.951,-18.78,1.0403,100761.36
1.04,-0.0518,-0.1582,0.915,-5.244,-11.89,1.0533,100761.55
0.9971,-0.0571,-0.1436,0.488,-3.78,-4.573,1.009,100762.31
1.0151,-0.0566,-0.1528,-2.744,-3.049,-2.561,1.0281,100762.05
0.9546,-0.0767,-0.1343,-1.28,8.72,1.037,0.967,100761.88
1.0078,-0.0591,-0.1162,-3.293,9.268,-4.634,1.0162,100761.87
0.9692,-0.0361,-0.209,-6.463,8.354,-1.707,0.9922,100761.76
0.9712,-0.0312,-0.1509,-0.244,5.427,-0.366,0.9833,100761.7
1.0083,-0.0386,-0.1099,-1.037,5.793,-1.341,1.015,100761.79
0.9839,-0.0552,-0.1528,-2.195,4.878,2.988,0.9972,100761.89
0.9712,-0.0562,-0.1147,3.049,1.28,1.829,0.9796,100762.26
0.9888,-0.0425,-0.1514,1.707,5.549,-2.622,1.0012,100761.97
0.9688,-0.0615,-0.1377,-0.366,7.317,1.037,0.9804,100761.64
0.9185,-0.0762,-0.0835,1.28,5.122,2.927,0.9254,100762.75
0.9321,-0.0737,-0.103,1.159,4.512,-2.317,0.9407,100762.89
0.9624,-0.0693,-0.1211,2.561,3.963,-2.988,0.9725,100763.0
0.9619,-0.0591,-0.1255,3.354,1.585,-1.341,0.9719,100762.58
0.9722,-0.0615,-0.1265,-0.305,-6.22,-1.037,0.9823,100762.97
0.9287,-0.062,-0.1392,-0.915,-12.927,-1.646,0.9411,100762.91
0.9629,-0.0503,-0.1133,2.378,-3.841,-2.5,0.9708,100762.8
0.9883,-0.0513,-0.0889,2.561,5.732,0.61,0.9936,100763.43
0.9341,-0.0571,-0.0728,-0.793,3.963,2.805,0.9387,100763.04
0.9458,-0.0659,-0.0947,-4.695,1.829,0.427,0.9528,100762.33
0.9492,-0.063,-0.0889,-2.622,3.659,2.317,0.9554,100763.3
0.9272,-0.0679,-0.0879,-2.256,5.061,3.293,0.9339,100762.95
0.9268,-0.0664,-0.0889,-2.134,3.598,-1.646,0.9334,100762.29
0.9448,-0.0513,-0.0894,-1.951,2.988,-4.573,0.9504,100762.13
0.9707,-0.0483,-0.0928,-2.378,4.695,-3.11,0.9763,100761.96
0.9531,-0.0527,-0.0869,-1.829,4.695,0.0,0.9585,100761.77
0.9395,-0.0562,-0.0898,-1.707,4.39,-0.671,0.9454,100761.64
0.9585,-0.0508,-0.0811,-2.622,4.695,-1.22,0.9633,100762.27
0.9585,-0.0508,-0.0786,-3.354,5.488,0.244,0.9631,100762.03
0.9424,-0.0596,-0.0835,-3.476,4.085,0.366,0.9479,100762.05
0.936,-0.0547,-0.0708,-2.5,2.805,-0.488,0.9403,100761.29
0.9541,-0.0527,-0.0752,-2.439,0.0,-2.073,0.9585,100761.65
0.9629,-0.0474,-0.0879,0.183,-1.037,-1.829,0.9681,100761.03
0.9614,-0.0391,-0.0752,3.171,1.89,-2.256,0.9652,100760.77
0.9712,-0.0225,-0.042,5.122,13.841,-2.988,0.9724,100761.01
0.9722,-0.0078,0.0024,8.902,48.476,-6.28,0.9722,100760.91
0.9551,-0.0415,0.0054,4.878,59.207,-10.793,0.956,100760.92
0.9644,-0.0405,0.0288,1.098,26.098,-9.573,0.9656,100760.53
0.9673,-0.04,0.0283,-3.171,10.061,-1.341,0.9685,100760.43
0.9453,-0.04,0.0312,-2.317,-2.683,2.805,0.9467,100760.16
0.9375,-0.0356,0.0366,-0.305,-23.659,3.354,0.9389,100760.01
0.9375,-0.0171,0.0459,4.817,-31.159,5.061,0.9388,100760.41
0.9238,-0.0127,0.042,9.024,-14.146,5.793,0.9249,100759.78
0.9536,-0.0347,0.0366,2.134,3.049,3.476,0.9549,100760.2
0.9688,-0.0376,0.0308,1.524,9.756,-3.232,0.97,100760.81
0.9268,-0.0371,0.0098,0.671,20.427,-7.744,0.9276,100762.56
0.9155,-0.0444,-0.0376,-1.524,12.561,-10.488,0.9174,100762.73
0.9106,-0.0542,-0.0845,-2.561,-2.622,-13.171,0.9162,100764.12
0.9053,-0.0405,-0.0625,-0.488,-9.817,-19.878,0.9083,100766.08
0.9492,0.0039,-0.085,3.963,-22.744,-28.11,0.953,100783.48
0.9771,0.0444,-0.0894,12.073,-20.244,-20.061,0.9821,100787.28
0.959,0.0527,-0.0449,18.171,2.317,-9.878,0.9615,100790.27
0.937,0.062,-0.0454,23.841,17.5,-10.793,0.9402,100791.62
0.9824,0.0947,-0.0059,31.037,24.329,-11.341,0.987,100794.32
1.0015,0.1289,0.0122,31.829,42.683,-9.39,1.0098,100796.31
1.0044,0.0928,0.0977,36.646,69.512,-15.915,1.0134,100786.85
1.104,0.0498,0.1724,46.829,38.476,-24.817,1.1185,100781.77
1.1475,0.123,0.1309,33.902,35.793,-2.866,1.1614,100777.08
1.001,0.1777,0.2529,-8.659,45.183,22.378,1.0476,100774.38
1.1094,0.0815,0.3857,-45.854,45.671,18.049,1.1774,100771.91
1.125,0.1396,0.3618,-25.976,56.707,13.537,1.19,100770.88
0.9194,0.2217,0.4897,-12.561,60.427,14.207,1.0651,100770.34
0.8335,0.061,0.4512,-47.683,66.341,-3.659,0.9497,100772.87
0.7593,0.021,0.4526,-51.585,33.902,-31.585,0.8842,100771.8
0.8003,0.1416,0.6504,-47.256,15.61,-49.939,1.0409,100767.07
1.2646,0.248,0.6694,-97.866,30.0,-40.976,1.4522,100765.79
1.0083,0.1284,0.4844,-152.683,24.39,-14.146,1.126,100771.92
0.9556,-0.0249,0.2217,-143.902,-2.988,-19.146,0.9813,100782.69
0.8931,-0.0718,0.3613,-75.793,4.085,-2.073,0.9661,100780.16
0.9346,-0.0703,0.5298,-70.244,33.11,-1.829,1.0766,100776.55
0.9609,-0.0786,0.2515,-67.012,32.5,-17.805,0.9964,100773.53
0.8779,0.021,0.3701,-6.646,5.061,-13.049,0.953,100770.99
0.7515,0.0508,0.313,14.146,-0.549,-5.061,0.8156,100768.6
0.9263,0.0952,0.4429,27.439,-12.134,-8.11,1.0311,100767.2
0.9297,0.1123,0.3916,15.244,-0.366,5.122,1.015,100765.88
0.8228,0.0322,0.5576,6.098,9.878,4.512,0.9944,100765.79
1.0049,0.0083,0.3296,-12.927,-20.0,-6.098,1.0576,100763.98
0.9619,0.0029,0.3525,2.134,-36.098,7.073,1.0245,100762.45
0.8408,-0.042,0.292,15.427,-27.256,3.598,0.8911,100761.13
0.917,-0.0283,0.3789,36.463,-29.573,-5.549,0.9926,100759.2
0.9087,0.0488,0.3843,26.28,-34.634,-9.024,0.9878,100758.95
0.9604,0.0605,0.3433,9.085,-31.585,-5.732,1.0217,100759.34
0.937,0.0439,0.2856,2.927,-36.402,-1.951,0.9806,100759.29
0.8848,0.0571,0.2705,4.39,-41.951,-3.476,0.927,100758.51
0.9087,0.0215,0.2856,2.622,-40.0,-3.598,0.9528,100757.32
0.9604,0.02,0.2085,3.537,-36.341,-0.549,0.983,100757.29
1.021,0.0684,0.2051,9.39,-15.671,-0.732,1.0436,100756.24
0.9316,0.0664,0.2681,11.951,16.402,3.171,0.9717,100757.19
0.8877,0.0933,0.1553,12.622,-8.049,6.28,0.906,100757.34
0.9434,0.0645,0.2583,20.793,-2.5,11.402,0.9802,100758.01
0.9092,0.0645,0.2671,20.976,3.537,17.439,0.9498,100758.67
0.9009,0.0513,0.2266,14.878,-7.927,17.805,0.9303,100759.14
0.9307,0.0205,0.2061,13.354,-23.659,13.049,0.9534,100758.67
0.9551,0.0264,0.1846,13.963,-35.305,6.585,0.9731,100758.41
0.9434,0.0293,0.1914,16.585,-30.488,3.354,0.963,100758.16
0.9243,0.0171,0.1567,14.146,-24.268,-2.5,0.9377,100758.31
0.9673,0.0234,0.1567,11.768,-20.976,-3.902,0.9802,100758.62
0.9336,-0.0005,0.1431,9.207,-21.341,-4.573,0.9445,100757.5
0.9292,-0.0107,0.1157,7.012,-18.841,-6.951,0.9364,100757.83
0.9487,0.0073,0.1138,6.89,-12.439,-6.951,0.9556,100756.43
0.9614,0.0195,0.1191,3.232,-4.512,-3.354,0.969,100755.97
0.9761,0.0337,0.0952,-0.549,0.305,-1.28,0.9813,100756.34
0.999,0.0386,0.0962,-2.927,2.317,1.159,1.0044,100757.31
0.9839,0.0444,0.105,-3.72,2.988,2.134,0.9905,100757.92
0.9858,0.0444,0.1006,-4.878,0.549,0.976,0.992,100757.48
0.9893,0.0435,0.0938,-5.061,-0.549,2.195,0.9946,100756.88
0.9922,0.0464,0.0947,-6.037,2.073,3.963,0.9978,100756.66
0.9771,0.0527,0.0981,-6.28,5.366,6.402,0.9834,100756.97
0.98,0.0542,0.1162,0.366,4.512,9.573,0.9883,100756.31
0.9937,0.0386,0.0864,3.232,1.341,9.085,0.9981,100756.08
0.999,0.0278,0.0898,0.793,3.11,5.427,1.0034,100756.46
0.9771,0.0161,0.0742,-0.549,5.976,2.988,0.98,100756.35
0.9941,0.0229,0.0972,0.061,-0.427,0.488,0.9991,100755.3
0.9951,0.02,0.1118,0.732,-1.159,0.0,1.0016,100756.09
0.9917,0.0181,0.0962,-1.22,1.037,-1.585,0.9965,100755.31
0.9883,0.022,0.0986,-2.134,-1.159,-1.646,0.9934,100756.21
0.9819,0.0176,0.1025,-1.402,0.671,0.061,0.9874,100756.23
0.9854,0.0264,0.0913,-0.183,3.232,0.488,0.9899,100756.52
0.9951,0.0229,0.0967,-0.244,-0.061,-0.427,1.0001,100756.25
0.9946,0.0269,0.0928,0.915,-0.244,-1.159,0.9993,100755.63
0.9883,0.0293,0.0996,1.89,-3.537,-2.805,0.9937,100756.29
0.9854,0.0303,0.0962,1.098,-6.098,-4.024,0.9905,100755.88
0.9854,0.0322,0.0923,-0.427,-5.854,-3.78,0.9902,100755.71
0.9858,0.0327,0.0889,-1.28,-3.902,-2.988,0.9904,100755.68
0.9858,0.0366,0.0825,-0.732,-1.646,-1.707,0.99,100756.65
0.9893,0.0396,0.0801,0.244,0.61,-0.61,0.9933,100755.88
0.9868,0.0386,0.0762,1.463,1.402,0.61,0.9905,100755.91
0.9897,0.0347,0.0815,2.561,1.585,1.159,0.9937,100755.29
0.9976,0.0337,0.0781,2.561,1.829,1.951,1.0012,100755.56
0.9917,0.0347,0.085,2.5,1.037,2.805,0.9959,100755.98
0.9819,0.0288,0.0898,1.463,-0.305,1.707,0.9865,100755.07
0.9829,0.0283,0.0913,0.061,-0.061,0.671,0.9875,100755.23
0.9888,0.0361,0.0898,-0.732,0.976,0.366,0.9935,100755.2
0.9912,0.0356,0.0791,-0.793,1.28,1.402,0.995,100755.21
0.9883,0.0366,0.0791,-0.061,1.098,2.073,0.9921,100755.4
0.9976,0.0371,0.0859,-0.183,1.341,1.768,1.0019,100754.83
0.9976,0.0322,0.085,-0.305,1.037,1.707,1.0017,100754.77
0.9907,0.0317,0.0879,-0.305,0.0,1.28,0.9951,100754.94
0.9941,0.0293,0.084,-0.488,0.488,0.671,0.9981,100754.7
0.9897,0.0347,0.0835,0.549,1.037,0.366,0.9939,100753.41
0.9839,0.0405,0.0796,1.28,0.976,-0.671,0.9879,100753.9
0.9888,0.0415,0.0879,1.524,1.341,-1.159,0.9935,100754.62
0.9868,0.0361,0.0879,1.463,2.561,0.183,0.9914,100752.84
0.9912,0.0259,0.0991,0.183,5.305,1.159,0.9965,100752.38
1.002,0.0195,0.1089,-1.28,4.573,0.122,1.008,100752.49
0.9854,0.0234,0.1055,-2.317,2.439,-0.488,0.9913,100753.16
0.9839,0.0303,0.1055,-2.561,1.037,-0.61,0.99,100754.38
0.9902,0.0376,0.0996,-1.951,0.122,0.244,0.9959,100754.8
