ax,ay,az,gx,gy,gz,avm,pressure
0.9902,-0.2012,-0.1362,1.341,-6.951,-0.793,1.0196,100758.55
0.9712,-0.1953,-0.1211,2.073,-2.561,-2.073,0.998,100758.79
0.9683,-0.1895,-0.1147,2.988,-8.354,-1.463,0.9933,100758.61
0.9775,-0.1919,-0.1333,1.402,-17.134,-2.012,1.0051,100758.62
0.957,-0.1836,-0.1484,0.427,-12.5,-2.988,0.9857,100759.34
0.9531,-0.1748,-0.1343,0.549,8.171,-1.402,0.9783,100760.14
0.9722,-0.1982,-0.0894,2.805,17.439,1.159,0.9962,100759.63
1.0059,-0.1904,-0.1562,-1.28,-3.415,-2.317,1.0356,100759.71
0.9976,-0.1641,-0.1567,-6.159,-2.988,-2.866,1.023,100760.02
0.9834,-0.1919,-0.1138,-2.256,-6.951,0.732,1.0084,100759.65
0.9858,-0.2017,-0.146,5.61,-15.122,0.61,1.0168,100759.38
1.0308,-0.2124,-0.126,7.988,-10.183,-0.61,1.0599,100759.06
1.0645,-0.229,-0.127,5.793,-20.183,-5.549,1.0962,100758.45
1.1099,-0.2012,-0.1709,1.951,-25.061,-8.232,1.1408,100758.84
1.0674,-0.1831,-0.1914,7.866,-17.683,-5.976,1.0998,100758.53
1.0137,-0.187,-0.1738,14.146,-10.305,-3.659,1.0453,100758.8
0.9922,-0.1597,-0.1235,17.927,-7.927,3.049,1.0125,100758.26
0.8672,-0.1724,-0.1323,13.659,-14.512,9.817,0.894,100758.23
0.856,-0.1738,-0.1665,7.683,-5.732,10.61,0.8892,100758.06
0.8647,-0.1753,-0.1523,11.037,4.634,8.598,0.8954,100758.19
0.8911,-0.168,-0.1963,8.598,7.256,8.171,0.9278,100758.15
0.915,-0.1919,-0.1758,5.732,20.671,5.244,0.9513,100759.12
0.9629,-0.2051,-0.1499,8.415,47.378,2.012,0.9958,100759.34
1.0547,-0.1836,-0.1616,6.28,50.61,0.427,1.0827,100759.77
0.9487,-0.1641,-0.1631,-3.537,22.927,-22.439,0.9765,100758.79
0.8765,-0.1309,-0.0601,8.354,20.183,-35.488,0.8882,100759.09
1.0513,-0.1079,-0.0176,-0.976,-5.427,-40.732,1.0569,100759.72
1.0786,-0.1187,-0.1226,-13.171,-29.085,-23.049,1.092,100759.31
0.8281,-0.1465,-0.1694,-5.671,-6.829,-4.146,0.8579,100759.63
0.8154,-0.1533,-0.002,6.707,10.671,-8.902,0.8297,100759.63
0.9702,-0.1519,0.0835,-0.549,0.183,-11.951,0.9856,100759.02
0.9209,-0.1567,-0.0215,-7.622,7.927,-2.5,0.9344,100759.29
0.9355,-0.1416,0.0884,-4.939,11.768,-3.72,0.9503,100759.02
1.061,-0.1104,0.1631,-25.122,-19.024,-10.061,1.0792,100759.52
1.0659,-0.082,-0.04,-55.244,-38.659,-4.207,1.0698,100759.05
0.9624,-0.0605,-0.1426,-53.293,-24.939,-2.195,0.9748,100758.7
1.0752,-0.0137,-0.2119,-37.622,-8.598,-8.354,1.096,100758.19
1.1143,-0.0005,-0.2832,-17.134,17.439,0.244,1.1497,100757.19
1.0547,-0.0479,-0.2104,8.963,47.195,6.89,1.0765,100757.27
1.0527,-0.0591,-0.1133,24.573,44.024,2.866,1.0605,100758.21
0.917,-0.0469,-0.0615,29.451,23.963,5.305,0.9202,100758.38
0.814,-0.0625,-0.0649,30.488,5.061,2.012,0.8189,100758.54
1.0171,-0.0693,0.1016,33.902,-14.146,-10.366,1.0245,100758.66
1.0386,-0.0776,0.0981,19.939,3.963,-2.378,1.0461,100758.98
0.9644,-0.0737,0.0542,8.537,9.756,0.183,0.9687,100758.12
1.0625,-0.0225,-0.0098,-2.927,-27.683,-10.427,1.0628,100757.47
1.04,0.0298,-0.105,-8.659,-17.5,-2.805,1.0457,100757.34
1.0029,-0.0034,-0.1592,10.366,-8.841,8.841,1.0155,100758.87
1.0322,-0.0557,-0.0356,31.768,27.805,17.927,1.0343,100759.35
0.8921,-0.0728,0.043,38.049,20.488,26.585,0.8961,100759.21
0.9111,-0.0874,0.1299,29.146,10.671,17.561,0.9245,100758.98
1.061,-0.0742,0.0952,1.524,-11.829,3.598,1.0679,100758.95
1.0176,-0.0537,-0.0864,-32.073,-26.524,4.207,1.0227,100758.53
0.9277,-0.0757,-0.1836,-35.854,-19.695,8.293,0.9487,100758.2
0.9937,-0.0996,-0.1562,-13.049,-10.854,6.829,1.0108,100758.7
0.9897,-0.1406,-0.0254,5.183,2.073,5.366,1.0,100758.55
1.0303,-0.1436,-0.0698,-3.659,-2.134,-1.098,1.0426,100758.59
1.0669,-0.1401,-0.1406,-10.854,-0.61,2.927,1.0852,100758.13
0.9512,-0.1362,-0.1396,-1.159,-8.415,11.707,0.971,100758.51
0.8979,-0.1118,-0.1455,4.695,-22.622,9.024,0.9165,100757.92
0.96,-0.1313,-0.1157,5.549,-26.646,2.805,0.9758,100758.23
0.8237,-0.1553,0.167,3.476,-17.378,0.183,0.8547,100759.18
0.9434,-0.1011,-0.0083,-55.732,-13.598,-31.098,0.9488,100758.42
1.1147,-0.0352,-0.4951,-53.72,2.195,-21.098,1.2203,100757.71
0.9644,-0.063,-0.2163,-10.122,19.817,-2.805,0.9903,100757.91
0.9189,-0.0952,-0.0913,-16.22,0.61,-9.268,0.9284,100756.84
1.0503,-0.085,-0.1943,-18.659,-5.488,-10.244,1.0715,100756.86
1.0229,-0.103,-0.0962,-9.817,14.817,-0.366,1.0326,100756.53
0.9854,-0.1157,-0.1421,-10.183,9.329,-2.683,1.0022,100756.26
1.0371,-0.0479,-0.1626,-1.463,2.927,-5.305,1.0509,100756.42
0.9829,-0.0601,-0.1118,-0.366,16.28,-1.707,0.9911,100756.06
1.0356,-0.0215,-0.1436,4.146,3.902,-8.659,1.0458,100756.95
0.9424,-0.0552,-0.0908,1.159,14.085,-2.073,0.9484,100757.34
0.9873,-0.0654,-0.0928,0.305,9.268,-5.671,0.9938,100757.01
0.9331,-0.0552,-0.0869,2.012,3.171,-6.524,0.9388,100757.15
0.9976,-0.0312,-0.0972,6.22,23.232,-7.134,1.0028,100757.52
1.082,-0.0278,-0.0791,14.817,25.793,2.988,1.0853,100757.43
0.998,-0.0322,-0.0469,15.915,5.122,8.902,0.9997,100758.19
0.9761,-0.0566,0.0283,12.561,4.207,7.927,0.9781,100758.3
0.9971,-0.0464,0.0332,6.341,7.439,7.012,0.9987,100758.75
0.9868,-0.04,-0.0181,-2.5,10.427,2.927,0.9878,100757.62
1.0024,-0.0278,-0.0474,-2.988,3.598,-4.024,1.0039,100757.99
1.0225,-0.0171,-0.0273,-2.195,-4.085,-4.939,1.023,100758.91
0.9941,-0.0293,-0.043,-1.951,-1.646,-2.622,0.9955,100758.24
0.9971,-0.0239,-0.0249,1.524,-0.976,-2.012,0.9977,100758.38
0.9951,-0.0332,-0.0098,3.171,0.183,-0.976,0.9957,100758.69
0.9941,-0.0269,-0.0293,3.537,-7.5,-2.5,0.9949,100758.8
0.9922,-0.0215,-0.0488,4.573,-8.963,-1.707,0.9936,100759.02
0.9824,-0.0215,-0.0376,4.207,-8.11,-1.402,0.9834,100759.57
0.9932,-0.0229,-0.0234,2.439,-2.988,-0.854,0.9937,100758.89
0.9961,-0.0244,-0.0156,2.073,-1.463,-0.122,0.9965,100759.08
0.9946,-0.0171,-0.0347,1.829,-4.878,-0.061,0.9954,100758.87
1.0215,-0.0244,-0.02,-1.037,-5.305,1.402,1.022,100758.34
0.9863,-0.0537,-0.0049,-2.561,-3.78,3.232,0.9878,100758.66
0.9751,-0.042,-0.0693,-0.305,-14.207,0.732,0.9785,100758.68
1.0103,-0.0381,-0.0991,-1.341,-18.963,-1.89,1.0158,100758.57
1.0239,-0.0425,-0.1177,-1.951,-33.171,-1.28,1.0315,100758.11
0.9868,-0.021,-0.1719,-0.976,-52.195,2.683,1.0019,100758.25
0.9727,-0.022,-0.1782,1.646,-47.378,3.476,0.9891,100757.79
0.9634,-0.0283,-0.2007,2.744,-32.683,2.5,0.9845,100757.29
1.0015,-0.0303,-0.2026,6.951,-13.963,3.415,1.0222,100757.16
0.9961,-0.0371,-0.1685,4.817,-7.988,6.402,1.0109,100757.3
0.9453,-0.0571,-0.1904,-1.707,-1.951,8.232,0.966,100757.27
0.9565,-0.0542,-0.2124,-2.5,2.195,4.512,0.9813,100757.99
0.978,-0.0415,-0.2061,-2.378,2.256,2.317,1.0004,100758.05
0.979,-0.0376,-0.2002,-5.122,4.634,2.134,1.0,100757.58
0.9707,-0.0347,-0.2075,-6.159,10.549,3.11,0.9932,100757.99
0.9878,-0.0356,-0.1953,-2.378,9.329,3.902,1.0075,100757.45
0.999,-0.0488,-0.1753,0.0,11.89,5.488,1.0155,100757.66
0.9756,-0.0586,-0.1729,0.854,18.171,6.037,0.9925,100758.27
0.9673,-0.0635,-0.1719,2.012,12.622,4.085,0.9845,100758.66
1.0044,-0.0659,-0.1494,1.159,10.305,3.293,1.0176,100759.55
1.0239,-0.0742,-0.1626,-3.537,14.634,4.756,1.0394,100759.2
0.9839,-0.0894,-0.1348,-4.756,19.878,7.805,0.9971,100758.27
0.96,-0.0879,-0.1133,0.915,11.89,6.037,0.9706,100758.25
0.9863,-0.0757,-0.1567,4.085,6.037,3.598,1.0016,100758.12
0.9785,-0.085,-0.0835,8.78,7.012,3.171,0.9857,100758.15
0.9863,-0.061,-0.0913,2.622,0.976,-1.585,0.9924,100758.54
1.0039,-0.0483,-0.1294,-1.341,6.159,-1.402,1.0134,100758.58
1.0073,-0.0562,-0.1133,-0.183,9.695,0.183,1.0152,100758.27
0.9849,-0.0659,-0.1006,-0.61,2.805,-0.244,0.9922,100758.01
0.9673,-0.0781,-0.1016,-1.951,2.5,-1.341,0.9757,100759.38
0.9902,-0.0732,-0.1001,-0.183,1.402,-2.378,0.998,100759.09
0.9976,-0.0752,-0.1001,0.305,0.244,-1.829,1.0054,100758.91
0.9917,-0.0723,-0.1074,0.549,1.646,-0.976,1.0001,100758.86
0.9922,-0.0703,-0.0996,-0.244,4.268,-0.976,0.9997,100759.42
1.0044,-0.0762,-0.0991,-1.89,1.28,-0.732,1.0121,100759.71
0.998,-0.0781,-0.1016,-3.049,0.0,0.549,1.0062,100758.74
0.9873,-0.0776,-0.1104,-4.878,1.098,-0.061,0.9965,100759.22
0.9966,-0.0786,-0.103,-6.829,2.134,-1.402,1.005,100759.46
1.0107,-0.0781,-0.1089,-5.976,0.915,-0.61,1.0196,100759.89
1.0117,-0.0757,-0.0732,-4.39,0.366,1.585,1.0172,100759.83
1.0098,-0.0801,-0.0767,-8.902,9.085,3.476,1.0158,100759.91
0.9858,-0.0869,-0.0825,-7.439,12.073,5.183,0.9931,100759.85
0.9604,-0.0869,-0.0894,-3.963,6.646,4.573,0.9685,100759.45
0.9756,-0.083,-0.0649,0.61,6.585,0.915,0.9813,100758.62
0.9902,-0.0776,-0.0508,-0.305,6.402,-0.427,0.9946,100758.39
0.9937,-0.0757,-0.0703,-1.768,2.988,0.061,0.999,100758.09
0.9922,-0.0864,-0.0566,-0.549,3.049,0.427,0.9976,100758.49
0.9995,-0.0708,-0.0703,0.488,0.061,0.305,1.0045,100758.05
0.9883,-0.0815,-0.0552,1.159,0.305,1.402,0.9932,100758.44
0.9927,-0.0767,-0.0435,1.463,-1.159,1.22,0.9966,100758.24
0.9976,-0.0747,-0.062,-0.366,-0.793,1.646,1.0023,100757.16
1.0063,-0.0786,-0.0718,0.244,-0.854,1.463,1.012,100758.27
0.9902,-0.0781,-0.063,1.159,-1.585,0.671,0.9953,100759.0
0.9893,-0.064,-0.0464,0.122,-1.646,-0.488,0.9924,100759.16
0.9766,-0.062,-0.0571,-2.561,-0.976,-0.671,0.9802,100759.18
0.9829,-0.0688,-0.0557,-5.366,1.22,-1.829,0.9869,100759.45
0.9893,-0.0742,-0.0522,-5.366,4.024,-2.134,0.9934,100759.54
1.002,-0.0693,-0.0278,-2.073,12.256,-1.951,1.0047,100760.06
0.999,-0.064,-0.0088,-0.854,21.159,-1.159,1.0011,100760.26
0.9854,-0.064,-0.0239,-0.671,19.329,-0.183,0.9877,100760.12
0.9961,-0.0649,-0.0293,0.122,10.427,-0.366,0.9986,100760.15
0.999,-0.0713,-0.02,0.305,4.512,-1.159,1.0018,100760.18
1.0107,-0.0693,-0.0171,1.951,5.061,-1.28,1.0133,100759.58
1.0127,-0.0708,-0.0278,3.171,5.732,0.305,1.0155,100758.9
1.0039,-0.0742,-0.0195,5.122,1.524,0.915,1.0068,100758.51
0.9971,-0.0732,-0.0044,6.768,0.061,1.463,0.9998,100758.45
0.9961,-0.0684,0.0156,6.098,-0.305,1.22,0.9986,100759.25
0.9839,-0.0679,0.0156,3.232,-0.244,0.793,0.9863,100759.0
0.9907,-0.0674,0.0132,1.037,-0.366,0.732,0.9931,100758.95
0.9868,-0.0693,0.0117,-0.305,1.159,0.793,0.9893,100759.15
0.9883,-0.0664,0.0103,-0.488,2.988,0.183,0.9906,100759.3
0.998,-0.0649,0.0068,-1.463,2.927,-0.366,1.0002,100758.69
0.9985,-0.0693,0.0044,-2.683,3.598,-0.244,1.0009,100758.23
1.0005,-0.0659,0.0078,-1.768,3.72,0.183,1.0027,100758.38
0.9971,-0.0635,0.0229,0.366,5.793,0.793,0.9994,100759.55
0.9976,-0.0737,0.0435,4.024,11.951,1.646,1.0012,100759.97
0.9844,-0.0732,0.0557,6.159,14.817,2.622,0.9887,100760.29
1.0,-0.0508,0.0391,3.354,11.402,1.159,1.0021,100760.4
0.9927,-0.0542,0.0376,-1.646,0.793,-1.89,0.9949,100759.99
1.0073,-0.061,0.0244,-2.866,-6.341,-4.634,1.0095,100760.27
1.0034,-0.063,0.0322,-0.976,-7.134,-3.415,1.0059,100760.02
0.9902,-0.0669,0.0312,-0.854,-10.122,-1.768,0.993,100759.44
0.9814,-0.0708,0.041,-0.732,-7.134,0.0,0.9849,100759.02
0.9956,-0.0688,0.0474,3.11,3.963,1.768,0.9991,100759.46
0.9893,-0.0625,0.0269,4.329,4.939,1.098,0.9916,100759.91
0.9932,-0.0601,0.0278,1.159,2.622,0.183,0.9954,100759.85
0.9937,-0.0581,0.0415,0.488,5.061,0.488,0.9962,100759.84
0.9946,-0.0596,0.0376,-0.915,5.732,0.122,0.9971,100759.66
0.9985,-0.0605,0.041,-2.317,3.354,-0.366,1.0012,100759.92
1.0,-0.0596,0.0479,-2.195,3.11,-0.244,1.0029,100759.63
0.9966,-0.0591,0.0498,-2.073,3.476,-0.488,0.9996,100759.69
0.9971,-0.0601,0.0469,-2.012,3.293,-0.488,1.0,100759.96
1.0,-0.0591,0.0464,-1.159,3.11,0.244,1.0028,100760.41
1.0029,-0.062,0.0557,-0.122,2.927,1.037,1.0064,100760.6
0.9951,-0.0635,0.063,1.22,3.841,1.28,0.9991,100760.27
0.9897,-0.0635,0.0659,1.585,2.622,1.22,0.994,100760.26
0.9746,-0.0625,0.0767,0.915,0.671,0.915,0.9796,100759.16
0.9561,-0.0669,0.0977,-0.427,3.598,1.22,0.9634,100758.7
0.9424,-0.0654,0.1226,-0.366,10.671,2.317,0.9526,100759.2
0.9165,-0.0654,0.1533,-0.183,15.854,3.72,0.9315,100759.94
0.8813,-0.0708,0.1694,-2.5,22.073,5.061,0.9003,100760.63
0.8628,-0.0752,0.2041,-2.012,33.415,6.524,0.8898,100760.64
0.8901,-0.0786,0.2227,-2.622,27.683,7.439,0.9209,100759.9
0.916,-0.0718,0.0879,-2.439,14.207,6.951,0.923,100760.3
0.9453,-0.061,0.1504,4.878,16.037,5.0,0.9591,100759.4
0.9805,-0.0732,0.2227,0.122,8.049,2.988,1.0081,100759.8
0.96,-0.0737,0.1406,-3.476,9.573,2.012,0.973,100759.38
0.9834,-0.061,0.1499,-0.732,14.268,1.037,0.9966,100759.55
0.9458,-0.0576,0.1665,-7.256,-2.134,3.354,0.9621,100760.15
0.8823,-0.0776,0.0786,-15.0,-6.037,2.012,0.8892,100760.98
0.8906,-0.0845,0.0342,-7.317,-6.22,-2.439,0.8953,100760.84
0.9238,-0.0986,0.0864,1.341,-7.317,-4.146,0.9331,100760.27
0.9019,-0.0991,-0.0605,0.488,1.89,-2.134,0.9093,100760.18
1.0117,-0.0708,0.0669,13.049,28.293,-7.683,1.0164,100759.87
1.0605,-0.061,0.2168,-2.073,25.244,-6.829,1.0842,100760.59
1.041,-0.1138,0.1514,-21.22,1.951,-6.829,1.0581,100759.93
1.1416,-0.061,0.1772,-1.28,-27.134,-12.805,1.1569,100759.91
1.1191,-0.0117,0.2192,12.622,-16.28,-3.72,1.1405,100760.63
1.0635,-0.0645,0.249,10.061,-3.72,8.415,1.0941,100761.43
0.9604,-0.0845,0.1895,16.402,-11.829,11.341,0.9826,100761.65
0.9341,-0.0781,0.1733,27.134,-1.829,6.524,0.9532,100761.57
0.9546,-0.0967,0.1963,24.207,-21.768,-2.622,0.9793,100761.73
0.9492,-0.0645,0.1343,17.134,-57.317,-8.354,0.9608,100761.89
0.9785,-0.0981,0.1216,13.171,-33.78,-1.22,0.9909,100761.62
1.0508,-0.0669,0.0796,13.78,-28.537,-3.841,1.0559,100761.3
1.0278,-0.0312,0.1079,-6.159,-24.634,-9.695,1.034,100761.56
1.0049,-0.1025,0.0195,-22.317,10.549,-0.61,1.0103,100760.34
1.0347,-0.0488,0.0439,2.927,-3.232,-22.988,1.0368,100761.84
1.0791,-0.0415,0.1714,-6.28,-8.537,-25.854,1.0934,100761.95
1.002,-0.0493,0.103,-6.768,11.829,-14.756,1.0084,100761.82
1.0659,-0.0122,0.1392,9.512,-39.756,-20.976,1.075,100762.08
0.875,0.0449,-0.124,1.89,-51.951,-9.451,0.8849,100762.38
0.9155,0.0347,-0.0791,2.195,-28.72,-15.61,0.9196,100762.27
1.1147,0.0835,0.0952,13.415,-47.134,-21.037,1.1219,100761.94
0.9941,0.1079,-0.0107,18.659,-33.963,-5.427,1.0,100763.02
1.0508,0.1206,-0.1011,19.329,-25.671,-0.244,1.0625,100762.88
1.0195,0.0801,-0.0474,24.573,-35.549,2.683,1.0238,100763.64
1.0605,0.0356,-0.0659,27.439,-46.707,-2.927,1.0632,100763.34
1.0068,0.0283,-0.1387,-2.012,-49.695,3.476,1.0167,100763.36
1.1016,0.0215,-0.1689,-4.573,-57.134,3.72,1.1146,100763.18
1.0879,0.021,-0.2827,-9.024,-29.329,11.341,1.1242,100763.04
1.1021,0.0757,-0.3462,12.5,-11.951,18.476,1.1576,100763.03
1.0562,0.0703,-0.2637,22.622,-6.829,41.22,1.0908,100762.91
0.9468,-0.0454,-0.2354,-0.732,1.951,56.89,0.9766,100762.47
0.9341,-0.083,-0.252,-8.659,-13.415,50.244,0.971,100762.36
0.8652,-0.1001,-0.2612,-4.634,-20.671,41.89,0.9093,100762.89
0.8892,-0.0947,-0.3867,-6.89,-21.463,30.0,0.9742,100763.14
0.8916,-0.0962,-0.4082,-1.463,-33.72,20.793,0.9853,100762.6
0.8921,-0.1392,-0.3608,1.585,-41.22,11.402,0.9723,100761.98
0.8643,-0.1436,-0.374,4.817,-21.707,15.122,0.9526,100761.7
0.8091,-0.166,-0.3647,3.659,-4.207,15.671,0.9029,100761.88
0.8452,-0.1631,-0.4111,-0.061,-25.854,-0.183,0.9539,100762.23
0.8706,-0.1309,-0.4019,1.037,-24.268,-6.341,0.9678,100761.75
0.8472,-0.1499,-0.3691,-4.817,-10.671,-9.024,0.9362,100761.77
0.9141,-0.1221,-0.4336,-7.073,-15.305,-11.768,1.019,100762.37
0.9199,-0.1045,-0.4326,-5.122,-6.707,-8.841,1.0219,100762.84
0.8838,-0.1353,-0.4565,-5.976,-7.561,-6.89,1.0039,100762.55
0.8701,-0.1328,-0.4668,-2.012,-5.915,-4.939,0.9963,100762.09
0.8906,-0.1431,-0.4277,4.573,-5.0,-5.366,0.9983,100762.34
0.8979,-0.1313,-0.4531,5.549,-7.866,-3.902,1.0143,100761.32
0.8813,-0.1284,-0.4741,6.341,-3.902,-1.829,1.009,100760.66
0.9048,-0.1152,-0.4424,7.5,-6.585,-1.768,1.0137,100760.41
0.8604,-0.1191,-0.4507,2.439,-3.841,-1.463,0.9785,100760.57
0.8848,-0.1172,-0.4795,1.341,-7.439,-5.244,1.0131,100760.83
0.9043,-0.1084,-0.436,3.11,-8.415,-3.659,1.0098,100760.64
0.8447,-0.1465,-0.4512,-0.732,-2.012,-0.671,0.9688,100760.75
0.8892,-0.1265,-0.4717,3.72,-6.22,-4.024,1.0144,100761.2
0.8882,-0.1079,-0.4585,4.085,1.22,-2.439,1.0054,100761.28
0.8799,-0.1123,-0.4775,1.159,5.183,0.305,1.0074,100761.49
0.8945,-0.1035,-0.4634,2.683,0.122,0.122,1.0127,100760.64
0.8735,-0.1094,-0.4507,2.256,1.585,0.183,0.989,100760.77
0.8687,-0.1167,-0.4546,0.427,1.646,-1.159,0.9873,100760.98
0.8818,-0.1152,-0.4463,2.134,-0.732,-1.402,0.995,100760.78
0.8647,-0.1157,-0.4517,0.671,1.402,-1.159,0.9824,100760.73
0.8716,-0.1182,-0.4731,0.305,10.122,-0.488,0.9987,100760.8
0.9248,-0.1084,-0.4463,2.256,12.134,2.317,1.0326,100760.64
0.896,-0.1099,-0.4253,2.012,14.329,4.756,0.9979,100760.88
0.8784,-0.1123,-0.4004,-2.866,22.805,4.146,0.9719,100761.03
0.8999,-0.0986,-0.4385,-9.024,21.159,2.744,1.0059,100761.65
0.8843,-0.1094,-0.4507,-10.061,12.256,-0.61,0.9985,100761.52
0.9043,-0.1079,-0.4146,-9.268,15.61,-4.756,1.0006,100761.42
0.8911,-0.1123,-0.3906,-7.134,23.293,-3.902,0.9794,100761.34
0.9023,-0.1152,-0.3833,-1.585,22.012,-3.598,0.9871,100761.52
0.9116,-0.1016,-0.356,1.829,21.341,-6.341,0.9839,100761.79
0.9087,-0.0903,-0.3364,4.512,20.61,-9.939,0.9732,100761.5
0.918,-0.0601,-0.356,2.073,34.024,-8.354,0.9864,100761.4
0.957,-0.0659,-0.2988,-7.378,64.207,-4.756,1.0048,100761.11
0.9854,-0.1055,-0.1958,-12.866,90.793,-6.524,1.0101,100761.59
1.0005,-0.0947,-0.1357,-9.512,85.793,-10.732,1.0141,100761.46
0.9331,-0.0898,-0.1846,1.22,55.0,-8.963,0.9554,100761.86
0.9785,-0.0532,-0.1504,20.061,28.415,-5.122,0.9914,100761.93
0.9746,-0.0571,-0.0801,22.073,30.427,-1.402,0.9796,100761.71
0.978,-0.0415,-0.104,20.793,27.073,-7.378,0.9844,100761.57
0.9541,-0.0078,-0.0542,29.207,23.232,-5.366,0.9557,100761.93
0.9912,-0.0552,-0.0112,36.037,22.561,-0.793,0.9928,100761.96
1.0493,-0.0469,-0.0088,29.817,20.671,-8.11,1.0504,100761.88
1.1064,0.0986,-0.0264,-10.427,29.39,-7.134,1.1111,100760.8
1.2998,-0.2266,0.1616,-55.122,68.841,12.439,1.3293,100760.59
1.1025,-0.0562,0.291,-45.732,48.963,9.756,1.1417,100761.33
0.8984,0.0278,0.0674,-39.512,50.671,37.5,0.9014,100761.73
0.9888,-0.0767,0.1738,-33.841,50.061,17.5,1.0069,100762.17
0.9775,-0.1089,0.3516,-36.585,36.768,5.61,1.0445,100761.41
0.8638,-0.1719,0.2061,-27.683,36.524,6.159,0.9045,100761.8
0.8892,-0.1343,0.252,-12.561,25.671,1.707,0.9339,100761.84
0.9209,-0.0952,0.2808,-20.793,21.037,-2.073,0.9674,100760.82
0.918,-0.1465,0.2358,-31.951,32.439,-8.232,0.959,100761.49
0.9692,-0.1362,0.3433,-22.927,25.976,-14.512,1.0372,100761.15
0.8984,-0.1113,0.3242,-17.927,21.951,-8.049,0.9616,100761.48
0.9448,-0.0825,0.2852,-14.512,15.061,-9.878,0.9904,100761.15
0.9961,-0.0732,0.3418,-18.902,16.707,-10.0,1.0556,100761.38
0.8965,-0.103,0.3525,-21.037,26.89,-3.598,0.9688,100760.97
0.9712,-0.1157,0.4014,-13.415,37.317,-1.28,1.0572,100761.61
0.9473,-0.0625,0.3711,-11.89,35.793,-3.049,1.0193,100762.13
0.8765,-0.1226,0.4604,-22.988,20.976,-4.146,0.9976,100762.66
0.877,-0.1533,0.4155,-31.402,27.561,-3.78,0.9825,100762.68
0.9341,-0.1235,0.395,-24.085,37.317,1.951,1.0217,100762.7
0.9575,-0.1123,0.4072,-12.256,36.646,8.72,1.0466,100762.82
0.8491,-0.1128,0.5024,-8.72,47.012,15.549,0.9931,100762.22
0.7646,-0.1299,0.5342,-10.0,50.366,11.28,0.9418,100762.59
0.8555,-0.1689,0.5547,-10.915,52.5,8.78,1.0335,100762.39
0.8672,-0.1787,0.5781,-9.451,59.817,12.988,1.0574,100762.85
0.8418,-0.2036,0.6855,-12.927,46.098,11.768,1.1046,100762.98
0.8213,-0.2007,0.6328,-19.695,45.549,11.646,1.056,100762.34
0.6846,-0.2461,0.6816,-12.195,75.671,10.244,0.9969,100761.73
0.6553,-0.2319,0.7441,-11.28,59.268,-5.854,1.0183,100761.8
0.7222,-0.1958,0.6763,-1.646,9.207,-16.707,1.0086,100761.22
0.7241,-0.2192,0.5864,4.207,-4.512,0.915,0.9572,100762.7
0.7051,-0.2021,0.6001,31.89,-29.573,1.28,0.9477,100763.01
0.7788,-0.1392,0.6592,49.39,-79.146,-7.073,1.0298,100762.88
0.7842,-0.144,0.6479,33.598,-58.476,-7.378,1.0274,100761.69
0.7036,-0.1445,0.6025,26.524,-36.098,0.488,0.9376,100761.02
0.8267,-0.1211,0.4375,18.171,-31.951,-6.89,0.9431,100761.02
0.9185,-0.0776,0.4243,30.0,-38.963,-18.72,1.0147,100761.18
0.9839,-0.0767,0.5327,34.329,-15.305,-25.549,1.1215,100760.9
0.9614,-0.0752,0.5488,24.207,0.915,-20.366,1.1096,100761.19
0.8462,-0.0522,0.5015,13.11,-18.963,-8.476,0.985,100761.76
0.8262,-0.0161,0.5234,16.463,-26.707,-6.098,0.9782,100761.97
0.8232,-0.0015,0.4731,15.854,-21.89,-4.451,0.9495,100761.76
0.8779,0.0215,0.4258,11.22,-32.012,-2.5,0.976,100761.84
0.8945,0.0107,0.4121,8.72,-29.146,1.829,0.985,100761.44
0.8901,0.0068,0.4058,8.963,-27.622,3.659,0.9783,100761.26
0.873,0.0029,0.4263,7.195,-24.146,7.256,0.9716,100760.75
0.8647,-0.0273,0.3945,-0.427,-28.598,8.476,0.9509,100760.74
0.8638,-0.0293,0.3403,3.963,-40.427,1.463,0.9289,100760.48
0.9214,-0.0132,0.3296,12.134,-48.415,-5.549,0.9787,100759.95
1.0054,0.0288,0.3198,17.012,-43.476,-7.744,1.0554,100759.91
0.9888,0.0239,0.2852,15.427,-36.951,-10.915,1.0293,100760.61
0.9307,0.0137,0.2144,12.439,-44.329,-10.61,0.9551,100761.14
0.9546,0.0435,0.2734,14.207,-41.098,-10.122,0.9939,100762.04
0.9624,0.0205,0.1699,7.134,-38.659,-3.841,0.9775,100761.0
0.9907,0.0073,0.1943,10.976,-36.341,-2.317,1.0096,100760.36
0.9731,0.0234,0.2036,8.415,-34.817,-0.793,0.9945,100760.73
0.9409,0.0322,0.1401,3.902,-37.256,-1.646,0.9518,100761.0
0.9727,0.0596,0.127,2.195,-40.732,-7.012,0.9827,100761.2
0.9663,0.0864,0.1006,-1.341,-29.939,-10.671,0.9754,100760.5
0.9561,0.082,0.0317,-4.512,-22.439,-7.134,0.9601,100760.34
0.9897,0.0601,0.0571,0.976,-13.537,0.366,0.9932,100761.08
0.96,0.0283,0.0957,-1.89,12.866,1.951,0.9651,100760.71
0.9307,0.0269,0.1567,-16.768,32.866,-3.659,0.9442,100760.25
0.9268,0.0239,0.1484,-19.878,25.244,-1.402,0.9389,100760.64
0.9204,0.0264,0.1665,-15.122,22.683,4.878,0.9357,100760.45
0.9683,0.0176,0.1689,-13.354,18.049,6.402,0.983,100759.84
1.002,0.0562,0.2046,-6.768,4.939,5.366,1.0242,100760.98
0.9536,0.0669,0.1641,-6.341,-1.951,5.305,0.9699,100760.94
0.9546,0.0552,0.1548,-5.671,-0.244,2.561,0.9686,100760.8
0.999,0.0752,0.208,-4.024,0.732,1.037,1.0232,100760.2
1.0151,0.062,0.1851,-12.988,0.976,2.744,1.0337,100761.58
0.9922,0.0283,0.1294,-18.963,-6.89,3.598,1.001,100761.53
0.9761,-0.0098,0.0908,-16.28,-3.415,4.939,0.9803,100761.34
0.9858,0.0396,0.0811,-6.22,8.841,8.537,0.99,100760.72
0.9668,0.0854,0.1543,4.756,5.183,8.293,0.9828,100759.77
0.9619,0.0508,0.1899,2.073,11.89,5.793,0.9818,100760.52
0.9561,0.0474,0.1289,-0.244,10.427,6.768,0.9659,100759.87
0.9331,0.0332,0.1274,4.573,11.037,9.451,0.9424,100759.25
0.9731,0.0225,0.1904,7.5,9.146,8.537,0.9919,100758.66
0.9272,0.0015,0.1167,1.646,-10.427,6.89,0.9346,100758.73
0.9355,-0.0376,0.1504,6.646,-30.549,13.049,0.9483,100759.15
0.8911,-0.0103,0.1582,5.976,-3.293,14.939,0.9051,100759.67
0.8574,0.0068,0.0132,-2.5,5.976,2.195,0.8576,100759.62
0.9233,-0.0425,0.1279,1.585,3.841,-4.268,0.9331,100759.29
1.02,-0.0278,0.1455,-2.439,10.915,-12.561,1.0307,100759.18
1.0557,-0.0005,0.2637,-32.805,46.829,3.232,1.0881,100758.88
1.0366,-0.0317,0.3247,-15.427,6.463,23.049,1.0867,100758.98
1.124,-0.0366,0.2803,9.634,-39.756,20.0,1.159,100759.19
0.9902,-0.0776,0.2627,-0.61,-16.829,4.329,1.0274,100759.97
0.9233,-0.0698,0.1504,-2.317,-14.329,6.098,0.9381,100760.2
0.9629,-0.0469,0.1489,-5.549,-16.341,9.024,0.9755,100759.38
0.9634,-0.0635,0.229,-19.146,-6.037,6.341,0.9923,100758.65
0.9834,-0.0605,0.1279,-21.524,-23.963,5.366,0.9935,100758.98
0.9917,-0.0571,0.0376,1.463,-34.085,9.085,0.9941,100759.45
0.9902,-0.0737,0.0703,18.598,-45.915,8.902,0.9955,100758.7
1.0303,-0.0342,0.0259,12.927,-37.927,6.89,1.0312,100759.46
0.9673,-0.0664,0.0049,5.732,-41.22,4.573,0.9696,100759.48
0.9609,-0.0801,-0.0571,5.61,-46.159,4.085,0.966,100760.3
0.9673,-0.0625,-0.1152,3.841,-28.415,4.146,0.9761,100760.34
1.002,-0.0591,-0.0923,1.159,-32.195,3.476,1.0079,100760.98
0.9756,-0.0723,-0.106,1.646,-29.024,14.817,0.984,100760.47
0.9883,-0.084,-0.1616,-3.78,-6.646,21.402,1.0049,100759.98
0.9712,-0.1294,-0.1016,-11.585,9.756,25.122,0.985,100760.44
0.9868,-0.1714,-0.0225,-22.988,11.341,38.659,1.0018,100760.3
1.0273,-0.1909,-0.0601,-30.366,2.744,40.671,1.0467,100759.71
1.0024,-0.2422,-0.0913,-20.427,-0.854,20.305,1.0353,100758.3
0.9536,-0.2446,-0.124,-16.707,-9.756,3.476,0.9923,100758.71
1.0186,-0.2026,-0.106,3.11,-14.268,-6.768,1.0439,100758.98
1.0381,-0.2012,-0.0889,11.585,-9.573,-5.366,1.0611,100758.84
0.9771,-0.1982,-0.1069,14.329,8.232,0.854,1.0027,100758.48
0.9663,-0.1826,-0.1157,21.707,0.671,0.305,0.9902,100758.59
0.9731,-0.1538,-0.103,22.805,-1.463,0.244,0.9906,100759.16
