ax,ay,az,gx,gy,gz,avm,pressure
0.9946,-0.0776,-0.0293,1.768,0.549,0.976,0.9981,100748.25
0.9927,-0.0791,-0.0342,0.305,0.549,0.732,0.9964,100748.54
0.9937,-0.0786,-0.0371,-0.61,-1.524,0.915,0.9974,100748.88
0.9897,-0.0747,-0.0352,-0.305,-3.232,0.244,0.9932,100748.16
0.9927,-0.0713,-0.042,-0.732,-1.28,-0.732,0.9961,100748.12
0.9917,-0.0698,-0.0386,-0.488,3.902,1.22,0.9949,100748.34
0.9883,-0.0771,-0.0356,-0.427,4.512,2.927,0.9919,100748.26
0.9941,-0.0815,-0.0322,-1.707,6.159,3.841,0.998,100748.58
0.9888,-0.0894,-0.0308,-3.11,8.598,3.902,0.9933,100748.2
0.9897,-0.0894,-0.0312,-4.512,5.793,-0.061,0.9943,100748.04
0.9941,-0.0796,-0.0244,-2.683,1.463,-7.988,0.9976,100748.29
1.001,-0.0737,-0.0137,-5.671,4.695,-2.683,1.0038,100747.03
0.9868,-0.0879,-0.0068,-9.451,9.39,5.427,0.9907,100748.16
0.9858,-0.0845,0.0073,-9.573,17.744,7.744,0.9895,100748.28
0.9951,-0.0723,0.0171,-12.561,21.768,8.476,0.9979,100749.22
1.0005,-0.083,0.0288,-14.451,8.049,3.841,1.0043,100749.44
1.0161,-0.082,0.0259,-2.073,-1.829,-2.927,1.0197,100748.9
1.0215,-0.0615,-0.0054,14.146,-20.488,-13.537,1.0233,100748.49
1.0195,-0.0469,-0.0166,14.268,-25.122,-13.354,1.0207,100747.83
0.9849,-0.0557,-0.0205,10.244,-24.024,-10.305,0.9866,100747.32
0.9785,-0.0586,-0.0435,8.232,-19.329,-11.89,0.9812,100747.93
0.9976,-0.043,-0.063,9.024,-15.793,-12.134,1.0005,100748.16
0.9966,-0.0298,-0.0659,11.159,-16.098,-12.256,0.9992,100747.94
0.9976,-0.0195,-0.063,10.366,-9.024,-8.537,0.9997,100747.8
0.9985,-0.0293,-0.0918,2.378,-4.085,-3.78,1.0032,100748.16
0.9966,-0.0244,-0.0801,1.159,-3.11,-3.963,1.0001,100748.59
0.9917,-0.0181,-0.0698,1.098,-3.902,-3.902,0.9943,100748.7
1.0015,-0.022,-0.0894,0.366,-5.305,-3.598,1.0057,100748.9
0.9995,-0.02,-0.0981,3.232,-5.61,-0.061,1.0045,100749.66
0.9868,-0.0322,-0.0918,3.963,-3.72,2.012,0.9916,100749.49
0.9907,-0.0332,-0.0933,4.695,2.012,-0.61,0.9957,100750.13
1.0,-0.0293,-0.1006,3.354,-0.305,-2.012,1.0055,100750.0
1.0132,-0.0244,-0.0977,0.183,-3.415,-0.488,1.0182,100749.54
1.0005,-0.0283,-0.0718,-3.902,0.305,1.585,1.0035,100749.3
0.9917,-0.0371,-0.083,-6.341,6.037,1.89,0.9959,100748.74
0.9702,-0.0508,-0.0649,-7.317,15.976,0.366,0.9737,100749.05
0.9663,-0.0117,-0.0342,-7.256,15.671,-3.659,0.967,100749.21
1.0073,-0.0083,-0.0547,-15.122,-2.744,-7.073,1.0088,100749.06
0.9697,-0.0034,-0.0479,-9.695,4.39,-3.841,0.9709,100749.19
1.0146,0.0586,-0.165,-4.268,-3.598,-4.451,1.0297,100749.07
1.0317,0.0688,-0.1206,6.037,2.988,0.122,1.041,100749.22
0.9126,0.0063,0.0024,8.902,10.732,4.939,0.9126,100749.2
1.0371,-0.002,0.0405,8.537,0.305,-3.232,1.0379,100747.98
1.0098,0.0117,-0.1079,-2.317,-7.561,2.927,1.0156,100749.38
0.938,0.0063,-0.1143,-0.366,0.793,4.573,0.9449,100748.35
1.0244,0.0024,-0.0444,6.768,1.951,0.122,1.0254,100748.09
1.0098,0.0015,-0.0498,2.866,2.5,4.024,1.011,100747.63
1.0249,-0.0068,-0.0835,2.317,-0.488,0.549,1.0283,100748.32
0.9976,-0.0132,-0.0542,3.232,-1.28,1.951,0.9991,100748.16
0.978,-0.0327,-0.0356,1.037,-3.049,-0.976,0.9792,100747.92
1.082,-0.0259,-0.1011,-2.012,-0.183,-2.988,1.087,100747.74
1.0264,-0.0581,-0.0566,2.622,10.61,8.354,1.0296,100747.82
0.9126,-0.0718,0.0508,2.317,15.61,7.805,0.9168,100747.77
0.9937,-0.0542,0.0376,-6.098,10.366,-0.915,0.9958,100748.25
1.021,-0.0391,-0.0171,-13.232,11.707,-0.305,1.0219,100747.86
0.9404,-0.0396,-0.0137,-13.171,10.244,2.256,0.9414,100747.34
0.8608,-0.0059,0.0308,-10.122,2.927,-3.902,0.8614,100747.91
1.0083,-0.0078,0.0366,-10.244,-8.049,-18.11,1.009,100747.13
0.9688,-0.0283,0.0518,-4.817,-9.451,-7.866,0.9705,100747.04
0.9312,-0.0391,0.0103,-10.183,6.402,-2.317,0.932,100747.57
1.0376,-0.042,-0.0234,-17.439,16.402,-4.329,1.0387,100747.62
1.0127,-0.0005,0.0566,-15.0,23.78,1.829,1.0143,100747.91
0.9502,0.0239,0.0415,-16.829,28.902,5.976,0.9514,100748.27
0.9414,0.0293,0.0537,-8.963,34.024,4.146,0.9434,100748.11
0.9556,0.0615,0.0679,-3.476,31.646,3.598,0.9599,100747.4
0.9673,0.0605,0.0527,-7.5,31.463,3.841,0.9706,100747.86
1.0854,0.0576,0.0435,-11.89,19.207,4.756,1.0878,100748.22
0.8896,0.0342,-0.041,-11.829,24.756,14.634,0.8912,100747.85
0.9595,0.0288,0.0728,12.744,25.549,11.524,0.9627,100747.97
0.9424,0.0254,0.3066,39.939,30.366,11.28,0.9913,100747.42
0.8955,0.0352,0.3599,22.866,29.146,1.707,0.9657,100747.74
1.0215,0.0576,0.3594,0.0,-10.793,-0.305,1.0844,100747.73
1.0044,0.0107,0.1313,-23.171,-37.012,0.915,1.013,100747.74
0.9829,-0.061,0.0635,-30.488,-26.402,-14.329,0.9868,100747.87
1.0747,-0.0781,0.2471,-3.049,-74.207,-27.744,1.1055,100748.82
1.1108,0.0396,0.0181,-19.268,-84.024,-31.89,1.1117,100748.31
0.8408,0.0396,-0.2505,-40.427,-23.171,-21.768,0.8782,100747.91
0.9858,0.0127,-0.2778,7.134,-5.183,-28.963,1.0243,100747.66
1.0728,0.0425,0.082,38.963,40.122,-15.976,1.0767,100747.19
1.0107,0.0659,-0.0317,17.561,55.793,-10.549,1.0134,100747.97
1.0093,0.0996,0.0435,24.878,44.756,-14.573,1.0151,100748.03
0.9072,0.1108,0.2202,28.293,43.11,-12.073,0.9401,100748.0
1.04,0.1245,0.0811,18.902,-1.585,-19.573,1.0506,100748.23
1.0278,0.0928,0.0942,19.085,-1.585,-22.012,1.0363,100749.02
0.959,0.0552,0.2212,15.366,18.354,-14.817,0.9857,100749.09
1.0332,0.0884,0.1821,6.768,13.598,-9.329,1.0528,100749.2
1.002,0.1221,0.1743,-2.378,2.439,-1.037,1.0243,100749.64
0.9521,0.1201,0.2876,-11.768,3.963,5.488,1.0019,100748.72
0.9321,0.1055,0.1274,-35.122,0.061,5.0,0.9467,100748.28
0.9937,0.1299,0.188,-16.402,-15.671,2.134,1.0196,100748.31
1.0205,0.1338,0.2656,-18.415,-5.122,10.0,1.063,100748.7
0.9941,0.062,0.1929,-32.378,0.183,20.183,1.0146,100748.16
0.9727,0.1025,0.085,-28.902,-24.878,18.354,0.9817,100748.59
0.8799,0.0967,0.1729,-10.671,-31.768,16.098,0.9019,100748.91
1.0332,0.0425,0.1895,-15.549,-12.195,4.085,1.0513,100749.16
0.8872,0.0459,0.0562,-22.927,-21.829,6.524,0.8902,100748.53
1.0005,0.0195,0.1758,-7.683,-34.268,-0.183,1.016,100748.91
1.0913,0.0537,0.1074,-14.268,-40.122,9.268,1.0979,100748.69
0.9351,0.0713,0.0659,-7.744,-39.451,23.537,0.9401,100748.15
0.8345,0.0332,0.0396,-7.073,-47.988,16.341,0.8361,100748.36
0.8848,0.0112,0.1255,-4.695,-14.268,8.537,0.8937,100748.77
1.0342,0.0488,-0.0679,-18.537,-7.805,2.073,1.0376,100748.68
0.8672,0.0312,0.0581,2.622,-2.317,7.012,0.8697,100749.23
0.9795,0.001,0.0967,2.256,9.085,-5.976,0.9843,100750.63
0.9438,0.0498,-0.1338,-15.488,-9.268,-2.683,0.9546,100750.2
0.7954,0.0195,-0.0088,8.11,-15.366,4.146,0.7957,100750.14
0.9878,0.0161,0.1289,18.841,-10.427,-10.549,0.9963,100749.81
1.207,0.1167,-0.1323,9.573,-12.073,5.854,1.2199,100750.58
1.0972,0.1499,-0.1958,7.134,19.329,33.72,1.1245,100750.31
1.0356,-0.0654,0.1489,18.476,59.878,38.476,1.0483,100749.87
0.9067,-0.0449,0.1685,23.415,1.768,30.305,0.9233,100749.44
1.127,-0.0254,0.0454,10.183,-15.427,22.622,1.1282,100750.19
1.1738,-0.0962,0.0317,7.744,-25.854,25.183,1.1782,100749.88
1.1484,-0.0581,-0.0234,13.902,-57.012,21.524,1.1501,100749.08
1.127,-0.106,-0.1025,-3.78,-49.024,7.866,1.1366,100748.88
1.1685,-0.0952,-0.1538,-22.317,-47.073,0.549,1.1824,100748.35
0.8457,-0.082,-0.2593,-16.768,-52.866,24.024,0.8884,100749.09
0.7441,-0.1094,-0.2793,3.659,-51.159,10.122,0.8023,100749.51
1.0791,-0.0459,-0.1992,8.659,-33.537,-11.89,1.0983,100749.34
1.0708,-0.0811,-0.2842,-6.585,-18.537,8.537,1.1108,100749.23
0.9033,-0.1558,-0.3096,4.085,-15.976,17.5,0.9675,100749.63
1.0195,-0.1431,-0.2749,16.768,-22.683,7.622,1.0656,100749.68
0.9951,-0.1494,-0.4258,6.037,-38.78,16.768,1.0926,100748.88
0.7661,-0.2817,-0.4082,12.073,-28.72,23.841,0.9127,100748.78
0.8472,-0.29,-0.1631,23.354,-12.927,12.805,0.9102,100750.26
0.8721,-0.2651,-0.2427,-5.976,-15.915,10.183,0.9432,100750.41
0.7656,-0.2153,-0.4736,-22.805,-22.622,2.439,0.9257,100750.02
0.8594,-0.1733,-0.3623,-3.11,12.866,-13.293,0.9486,100750.34
0.9268,-0.1187,-0.1792,12.439,16.646,-20.305,0.9514,100749.97
1.0649,-0.1206,-0.2012,2.134,6.402,-24.207,1.0905,100749.81
1.0166,-0.1221,-0.2236,-2.622,4.268,-13.537,1.048,100750.45
0.855,-0.1313,-0.3276,-8.232,8.78,-6.585,0.925,100751.04
0.959,-0.1338,-0.3613,-2.683,-0.366,-14.085,1.0335,100750.62
1.062,-0.1152,-0.2847,-2.927,6.463,-5.549,1.1055,100750.42
0.8945,-0.1265,-0.2734,-11.951,19.268,8.049,0.9439,100750.52
0.9648,-0.1309,-0.2773,-10.549,12.683,-0.244,1.0124,100750.13
0.9644,-0.1353,-0.2861,-6.22,5.427,0.488,1.015,100751.17
0.8887,-0.1899,-0.2324,-4.756,9.817,1.646,0.938,100750.84
0.938,-0.1021,-0.2275,-4.146,-15.061,-9.268,0.9706,100749.74
0.9424,-0.043,-0.3745,-13.049,-15.976,-8.659,1.015,100748.84
1.041,-0.02,-0.3447,-3.11,5.732,-4.451,1.0968,100749.88
0.9565,-0.0547,-0.2217,2.012,24.695,6.829,0.9834,100750.77
0.9639,-0.0771,-0.188,-3.902,17.134,5.549,0.9851,100750.69
0.9624,-0.0693,-0.2476,-11.098,15.305,3.963,0.9961,100749.91
0.9751,-0.0547,-0.2603,-4.512,17.195,1.402,1.0107,100749.45
1.0088,-0.0723,-0.1968,3.72,19.085,2.195,1.0303,100749.09
0.9702,-0.1221,-0.1665,5.427,19.268,4.817,0.9919,100749.49
0.9863,-0.1196,-0.1631,0.671,11.585,2.866,1.0069,100749.39
0.9756,-0.1235,-0.1963,-1.28,5.427,3.293,1.0028,100748.93
0.9844,-0.1265,-0.1685,1.768,1.585,0.61,1.0067,100749.22
0.9888,-0.1172,-0.1636,1.951,-3.537,-0.915,1.009,100749.18
0.9639,-0.1318,-0.1841,-0.122,-2.195,-1.341,0.9901,100749.91
0.9697,-0.1279,-0.1914,1.037,-5.305,-4.329,0.9967,100750.05
0.9771,-0.1064,-0.1855,1.646,-9.634,-6.402,1.0002,100750.8
0.9766,-0.106,-0.2129,-1.768,-2.927,-3.598,1.0051,100751.36
0.9854,-0.1011,-0.2021,0.122,2.256,-0.488,1.0109,100751.4
0.9658,-0.104,-0.1636,1.463,4.512,0.854,0.9851,100751.45
0.9902,-0.0938,-0.1807,-1.646,2.012,-0.549,1.0109,100751.62
0.9834,-0.0879,-0.1982,-1.463,-0.549,0.366,1.007,100751.25
0.9761,-0.0894,-0.1904,-0.244,1.402,1.22,0.9985,100751.19
0.9746,-0.0894,-0.1899,-0.366,2.134,1.037,0.997,100751.27
0.9839,-0.0928,-0.187,0.366,1.098,0.61,1.0058,100751.22
0.98,-0.0962,-0.1748,1.22,0.549,0.732,1.0001,100750.21
0.9819,-0.0928,-0.186,0.0,0.366,0.732,1.0037,100751.3
0.9785,-0.1001,-0.1982,0.0,1.89,1.28,1.0034,100750.63
0.9751,-0.1064,-0.1675,2.073,2.744,1.646,0.9951,100750.65
0.9771,-0.1035,-0.1675,0.915,0.366,0.854,0.9967,100751.01
0.9771,-0.1035,-0.1836,-0.244,-0.793,0.0,0.9995,100750.58
0.98,-0.1021,-0.1816,-0.122,1.22,0.427,1.0019,100750.48
0.9824,-0.1045,-0.1753,0.061,2.744,0.793,1.0034,100749.55
0.9844,-0.104,-0.1738,0.0,1.829,0.793,1.005,100748.51
0.9731,-0.106,-0.1694,0.366,1.646,1.159,0.9935,100749.67
0.9824,-0.1055,-0.1704,0.305,1.768,0.305,1.0027,100749.93
0.9902,-0.103,-0.1665,-0.122,1.89,0.488,1.0094,100750.0
0.9771,-0.103,-0.1694,-0.854,0.61,1.463,0.997,100750.42
0.9761,-0.1089,-0.167,-0.976,1.951,0.793,0.9962,100750.02
0.9883,-0.104,-0.1621,-0.61,-0.366,0.244,1.0069,100750.22
0.9775,-0.1006,-0.1812,-1.28,-2.5,0.549,0.9993,100751.09
0.9771,-0.1025,-0.1802,-0.183,-1.402,0.366,0.9988,100750.62
0.981,-0.1079,-0.1699,0.183,0.366,0.671,1.0014,100751.04
0.9717,-0.1064,-0.1655,0.244,-0.488,0.549,0.9914,100751.23
0.9819,-0.1021,-0.1641,0.244,-2.927,-0.671,1.0008,100751.84
0.9712,-0.0991,-0.188,-0.671,-4.146,-0.366,0.9942,100751.69
0.9819,-0.1025,-0.1812,0.61,-2.866,0.061,1.0038,100751.08
0.9951,-0.1011,-0.1748,0.488,-0.244,0.122,1.0154,100750.85
0.9761,-0.1016,-0.1792,-0.122,1.037,0.854,0.9976,100750.48
0.979,-0.1025,-0.1729,-0.244,1.524,0.549,0.9994,100751.04
0.9785,-0.105,-0.1782,-0.366,1.098,0.61,1.0001,100751.7
0.9761,-0.103,-0.1772,0.0,0.549,0.549,0.9974,100751.31
0.9844,-0.1006,-0.1802,-0.183,0.0,0.122,1.0058,100751.66
0.9814,-0.1025,-0.1772,0.0,0.0,0.732,1.0026,100752.16
0.9746,-0.1084,-0.1699,0.305,-0.061,0.732,0.9952,100751.55
0.9819,-0.106,-0.1685,-0.244,0.0,0.549,1.0019,100751.37
0.9839,-0.1011,-0.1831,-0.976,-0.244,0.976,1.0059,100751.56
0.9805,-0.1021,-0.1846,-0.366,-0.366,1.22,1.0029,100751.11
0.9849,-0.104,-0.168,0.793,-0.366,1.098,1.0045,100751.38
0.9731,-0.104,-0.1729,0.0,-0.854,1.524,0.9938,100751.1
0.9805,-0.1016,-0.1821,-0.122,-0.732,0.793,1.0024,100750.27
0.98,-0.105,-0.1768,0.671,-0.549,0.915,1.0013,100750.87
0.9854,-0.106,-0.1694,0.732,-0.671,0.854,1.0054,100749.99
0.9761,-0.1069,-0.1807,-0.244,-1.585,0.976,0.9984,100750.3
0.9829,-0.1055,-0.1826,0.183,-1.098,0.793,1.0053,100750.17
0.9731,-0.1084,-0.1821,0.244,-0.427,1.28,0.996,100750.8
0.9795,-0.1089,-0.1851,0.183,0.366,1.037,1.0028,100750.06
0.9775,-0.1118,-0.1787,0.732,0.244,1.341,1.0,100749.48
0.9819,-0.1084,-0.1787,0.183,0.427,1.341,1.0039,100749.31
0.9849,-0.1074,-0.1753,0.183,0.061,1.159,1.0061,100749.77
0.9756,-0.1104,-0.1655,0.366,-0.61,1.585,0.9957,100750.26
0.9761,-0.1055,-0.1636,-0.061,-0.671,0.854,0.9953,100750.62
0.9785,-0.106,-0.1895,-0.915,-1.098,0.427,1.0023,100750.29
0.9839,-0.1069,-0.1875,0.244,-1.098,0.61,1.0073,100750.64
0.9829,-0.1084,-0.1763,0.61,-0.61,0.915,1.0045,100749.91
0.9766,-0.1113,-0.1772,0.549,-1.524,1.159,0.9987,100750.1
0.978,-0.1128,-0.1875,0.305,-1.585,0.976,1.0022,100750.14
0.9775,-0.1157,-0.1855,0.976,-0.671,1.037,1.0017,100750.04
0.9795,-0.1182,-0.1763,1.22,-1.524,1.037,1.0022,100749.98
0.978,-0.1143,-0.1895,0.244,-3.049,0.793,1.0027,100749.55
0.9756,-0.1152,-0.1963,0.427,-2.195,0.915,1.0018,100749.36
0.9756,-0.1147,-0.1802,1.159,-1.098,1.22,0.9987,100749.84
0.9736,-0.1143,-0.1851,0.0,-0.671,1.28,0.9976,100749.69
0.9917,-0.1079,-0.2031,0.183,2.683,2.683,1.018,100749.66
0.9702,-0.1177,-0.166,2.317,4.695,4.878,0.9913,100749.58
0.9614,-0.126,-0.1421,1.89,0.305,2.134,0.98,100750.13
0.9736,-0.1235,-0.1938,-1.646,-0.305,0.244,1.0004,100751.14
0.9702,-0.1191,-0.1914,0.488,0.244,-0.244,0.9961,100750.33
0.9839,-0.1196,-0.1958,-0.244,-0.854,-0.976,1.0103,100750.57
0.9854,-0.1216,-0.2012,-0.488,-2.195,0.183,1.013,100750.61
0.9658,-0.1304,-0.1836,0.122,-0.183,1.768,0.9917,100749.92
0.9761,-0.1299,-0.1792,-0.61,-0.122,0.915,1.0009,100750.38
0.9834,-0.1245,-0.187,-1.524,-0.183,1.341,1.0087,100751.08
0.9624,-0.1226,-0.188,-2.195,2.439,2.012,0.9882,100750.75
0.9668,-0.1191,-0.1821,-2.256,3.963,-0.183,0.991,100749.89
0.978,-0.1216,-0.167,-2.378,4.451,-2.256,0.9996,100748.91
0.9702,-0.1187,-0.1812,-3.171,0.61,-2.927,0.9941,100749.73
0.9888,-0.1084,-0.189,-2.5,-0.122,-2.988,1.0125,100750.98
0.9912,-0.1079,-0.1831,-1.646,-0.305,-1.402,1.0137,100751.07
0.9814,-0.1108,-0.1816,-1.707,0.427,-0.122,1.0042,100750.88
1.021,-0.106,-0.1641,-0.488,3.476,1.22,1.0395,100750.38
0.9702,-0.1138,-0.1616,-2.378,10.366,7.378,0.9901,100750.47
0.9482,-0.1318,-0.1714,-2.5,6.524,5.488,0.9726,100750.55
0.9736,-0.1333,-0.1299,1.402,-0.854,-0.793,0.9913,100750.59
0.9839,-0.1196,-0.1714,-3.232,-5.305,-2.378,1.0058,100749.66
0.9761,-0.1108,-0.2007,-3.232,-5.671,-1.402,1.0026,100750.17
1.001,-0.1069,-0.1572,1.098,-5.854,-1.829,1.0189,100750.67
0.9849,-0.1055,-0.1514,0.427,-7.561,0.0,1.002,100750.19
0.9653,-0.1011,-0.1836,-1.037,-6.037,1.402,0.9878,100750.89
0.9741,-0.1069,-0.1948,0.122,-4.268,0.61,0.9992,100750.37
0.9775,-0.103,-0.1875,1.646,-2.927,0.061,1.0007,100750.83
0.9814,-0.103,-0.1982,1.037,0.427,0.488,1.0066,100750.03
0.9824,-0.1045,-0.2051,1.646,-1.768,0.0,1.009,100749.75
0.9644,-0.1118,-0.2012,2.256,-4.207,-0.366,0.9914,100749.52
0.981,-0.1113,-0.1802,2.927,-5.122,-1.159,1.0036,100749.8
0.9731,-0.1196,-0.1909,1.341,-5.854,-0.061,0.9989,100749.77
0.9683,-0.1235,-0.2036,1.098,-5.488,0.427,0.9971,100749.77
0.9722,-0.1211,-0.1948,2.195,-4.695,0.183,0.9989,100749.65
0.9756,-0.1147,-0.207,1.463,-4.634,0.366,1.0039,100750.05
0.9834,-0.1191,-0.2212,1.159,-3.598,0.976,1.015,100749.99
0.9634,-0.1284,-0.2129,2.317,-3.232,1.951,0.9949,100750.3
0.96,-0.1279,-0.2095,1.463,-1.768,1.28,0.9908,100750.52
0.958,-0.1318,-0.2144,0.183,0.366,0.366,0.9905,100750.8
0.96,-0.1206,-0.1943,1.037,2.622,-0.427,0.9868,100751.12
0.9683,-0.1191,-0.2202,-1.707,4.268,-1.341,1.0001,100750.02
0.939,-0.0996,-0.2158,0.549,2.561,-1.951,0.9686,100750.3
0.9814,-0.084,-0.2173,-0.732,3.476,-4.451,1.0087,100750.13
0.9795,-0.0952,-0.2031,1.159,7.744,-2.561,1.0049,100750.02
0.9731,-0.1152,-0.1675,4.146,9.573,-1.22,0.9942,100749.68
0.9795,-0.1279,-0.1787,1.463,10.244,-0.915,1.0038,100749.8
0.9927,-0.1221,-0.2109,-0.732,10.488,0.244,1.0222,100750.0
0.9668,-0.1216,-0.188,1.646,10.671,2.134,0.9924,100749.42
0.9873,-0.1069,-0.1353,2.866,6.951,0.061,1.0022,100749.72
1.0664,-0.0938,-0.0908,-0.671,-5.305,-0.976,1.0744,100749.82
1.0493,-0.0464,-0.1392,-8.598,-31.524,7.317,1.0595,100749.78
0.9097,-0.1001,-0.2837,-15.549,-28.659,14.39,0.9581,100750.11
0.9312,-0.1489,-0.1973,1.768,-15.122,5.122,0.9634,100750.38
0.9155,-0.1016,-0.1865,2.5,-20.732,-2.622,0.9398,100751.18
0.9399,-0.0786,-0.3101,-6.768,-6.463,-6.707,0.9929,100751.41
0.9849,-0.1006,-0.2432,4.512,3.78,-8.415,1.0194,100749.98
0.9302,-0.1167,-0.1943,6.585,1.159,-8.537,0.9574,100749.67
0.9785,-0.1113,-0.2393,1.037,1.585,-12.439,1.0135,100749.93
0.9849,-0.1069,-0.2168,3.902,1.768,-10.732,1.0141,100749.9
0.9399,-0.1055,-0.1841,3.659,-2.866,-10.854,0.9636,100750.09
0.9746,-0.0791,-0.2319,-0.915,-11.707,-17.5,1.0049,100750.85
1.0186,-0.0444,-0.2749,-0.793,-9.756,-16.463,1.0559,100750.68
0.9756,-0.0508,-0.2388,1.89,-0.366,-7.378,1.0057,100750.92
0.98,-0.0415,-0.2178,0.305,-0.793,-4.329,1.0047,100751.01
0.9561,-0.0371,-0.2603,-3.659,-0.915,-3.049,0.9915,100751.67
0.98,-0.0298,-0.2451,0.0,1.89,-3.598,1.0106,100752.04
0.9443,-0.0386,-0.2222,1.098,1.89,-1.89,0.9709,100751.95
0.9775,-0.0332,-0.2456,-1.341,-0.305,-4.39,1.0085,100751.89
0.9854,-0.0317,-0.2334,-0.244,-0.854,-2.988,1.0131,100751.96
0.9502,-0.0356,-0.2529,-2.195,-0.671,-1.037,0.9839,100751.77
0.9658,-0.0278,-0.2534,-1.463,1.098,-2.439,0.9989,100751.13
0.9858,-0.0205,-0.2373,0.183,1.037,-1.951,1.0142,100750.9
0.9668,-0.0264,-0.2246,0.244,3.537,-0.244,0.9929,100751.09
0.9531,-0.0234,-0.2437,-0.427,3.659,0.305,0.9841,100750.88
0.957,-0.019,-0.2241,2.073,7.5,-1.89,0.9831,100750.6
0.9116,-0.0166,-0.2153,1.037,8.232,-4.512,0.9369,100750.89
0.9092,-0.0854,-0.2432,-1.646,10.0,-10.732,0.945,100750.22
1.0049,-0.0054,-0.2363,0.915,1.463,-18.902,1.0323,100750.59
1.0,0.0132,-0.209,2.073,7.195,-13.476,1.0217,100751.1
0.9951,-0.0044,-0.2026,1.341,9.39,-9.451,1.0155,100750.75
0.9644,-0.0151,-0.2295,-1.341,11.829,-5.549,0.9914,100750.98
0.9604,-0.0151,-0.2056,2.012,11.89,-6.951,0.9823,100750.54
0.9673,0.0098,-0.1797,0.427,15.122,-9.024,0.9839,100749.83
0.9468,0.0142,-0.1577,-6.098,23.78,-10.0,0.9599,100749.91
0.8774,0.0386,-0.2075,-9.695,17.561,-14.146,0.9025,100749.86
0.9043,0.0859,-0.2397,-5.0,11.707,-22.439,0.9395,100749.8
1.0479,0.1328,-0.1948,2.012,14.878,-24.756,1.0741,100750.13
0.9849,0.0991,-0.1226,3.415,18.659,-11.463,0.9974,100749.54
0.9316,0.0723,-0.0884,-0.244,23.415,-9.268,0.9386,100750.3
0.9897,0.0957,-0.0796,-1.524,20.305,-17.561,0.9975,100751.59
1.0552,0.0903,-0.0591,-3.415,15.854,-25.488,1.0607,100751.7
1.0562,0.0908,-0.0093,-9.146,21.402,-20.61,1.0601,100751.9
0.9932,0.0747,-0.0063,-19.207,23.598,-12.866,0.996,100751.69
1.0225,0.0938,0.0063,-27.012,27.073,-15.61,1.0268,100751.88
1.0693,0.1519,0.0435,-30.427,32.439,-17.439,1.0809,100751.16
1.2173,0.145,0.104,-31.159,38.72,-15.915,1.2303,100751.37
1.019,0.271,0.0908,-34.573,41.341,1.707,1.0584,100751.41
1.0259,0.3491,0.0039,-32.195,39.573,0.427,1.0837,100751.43
1.124,0.2979,0.0215,-20.976,37.378,6.829,1.163,100751.81
0.749,0.2505,0.1362,-10.854,46.585,20.793,0.8015,100752.45
0.8135,0.2104,0.1997,0.061,20.488,-2.012,0.8637,100751.98
0.9565,0.2114,0.2017,4.39,9.451,-13.354,1.0002,100751.86
1.1445,0.1372,0.2075,0.61,6.341,-17.683,1.1713,100752.02
0.9175,0.1743,0.2734,3.232,6.585,0.976,0.9731,100751.88
0.7075,0.1353,0.2363,-6.951,15.915,-4.634,0.7581,100751.69
1.1582,0.2378,0.2407,-3.354,18.78,-28.78,1.2066,100751.3
1.0688,0.2729,0.2666,-0.305,20.854,-3.354,1.1349,100750.85
0.8853,0.1611,0.3652,-1.28,30.244,4.329,0.9711,100749.9
1.0845,0.1973,0.4082,-5.061,22.317,-11.28,1.1754,100750.19
0.9531,0.2192,0.2437,-23.232,25.427,4.146,1.0079,100750.16
0.77,0.145,0.189,-18.232,34.512,10.61,0.806,100749.63
0.8574,0.1919,0.23,2.439,16.037,-5.183,0.9082,100749.88
0.9268,0.2129,0.377,9.939,9.695,-10.061,1.0229,100750.17
0.9028,0.1782,0.2891,-13.476,16.89,-6.829,0.9646,100750.98
0.8833,0.1187,0.4175,-9.634,10.0,-5.244,0.9842,100750.39
0.9604,0.2231,0.4419,-12.988,-9.329,-9.207,1.0805,100750.42
0.8574,0.2329,0.2622,-31.28,-5.183,-7.439,0.9264,100750.33
0.8667,0.2607,0.2637,-14.329,-16.768,-23.171,0.9427,100750.03
1.063,0.333,0.2471,0.427,-25.122,-24.878,1.141,100750.28
0.9365,0.2207,0.2959,3.171,-2.622,2.561,1.0066,100751.06
0.8965,0.1963,0.3711,8.841,0.0,3.293,0.9899,100751.44
0.9424,0.2202,0.3687,1.707,-13.049,3.963,1.0356,100750.84
1.0186,0.2153,0.2681,-6.89,-39.146,11.951,1.075,100750.88
0.9438,0.2129,0.2515,-6.341,-10.061,22.866,0.9997,100750.81
0.8452,0.2124,0.2754,-1.768,24.512,27.744,0.914,100750.38
0.8706,0.2319,0.2739,2.134,-0.488,18.537,0.9417,100750.04
0.8496,0.2646,0.1543,-10.305,-9.634,15.061,0.9032,100749.9
0.8672,0.2085,0.1401,-7.134,-12.561,14.329,0.9028,100749.32
0.9136,0.1499,0.2544,11.646,-4.573,12.744,0.9601,100748.89
0.9976,0.1401,0.2808,18.841,-3.11,11.159,1.0457,100748.68
1.0029,0.1318,0.3237,25.427,-1.159,16.707,1.0621,100748.29
0.8672,0.1108,0.3989,27.927,4.329,20.305,0.961,100747.87
0.8809,0.1094,0.3545,9.695,-19.39,10.0,0.9558,100748.15
0.9482,0.1621,0.2798,-10.549,-56.463,8.11,1.0019,100747.88
0.9077,0.1812,0.1543,-28.963,-59.085,9.695,0.9384,100747.54
0.8438,0.1445,-0.0112,-33.11,-57.317,5.915,0.8561,100747.91
0.9346,0.1475,0.0239,-0.61,-45.366,1.524,0.9464,100748.21
1.021,0.1626,0.1475,27.866,-25.122,3.293,1.0443,100747.8
0.9795,0.1055,0.1367,19.268,-25.671,8.537,0.9946,100747.99
1.0161,0.0718,0.1055,9.268,-14.207,7.012,1.0241,100747.15
0.9453,0.0479,0.063,2.256,-6.22,10.427,0.9486,100748.25
0.9858,0.0513,0.0347,0.61,-18.11,5.061,0.9878,100748.94
1.043,0.0513,-0.0439,-2.378,-17.134,3.293,1.0452,100748.95
1.0347,0.0327,-0.0049,4.695,-2.5,9.756,1.0352,100749.35
0.9795,0.0503,0.0347,8.537,-0.366,15.0,0.9814,100749.55
0.9541,0.0435,0.0059,5.061,3.354,17.5,0.9551,100748.68
0.9243,0.0386,0.0659,9.695,10.427,17.317,0.9275,100748.9
0.8784,0.0498,0.0474,4.939,1.951,6.768,0.8811,100748.2
1.0532,0.0742,-0.0059,-0.427,-12.073,-0.366,1.0559,100747.91
1.0112,0.0332,-0.0132,-0.854,-2.256,10.61,1.0119,100748.18
0.9683,0.0005,-0.02,3.11,6.098,12.744,0.9685,100748.04
0.939,-0.0015,0.0146,10.549,2.622,7.5,0.9391,100748.18
1.0308,0.022,0.0396,12.683,2.683,3.72,1.0318,100748.54
1.021,0.0103,0.0234,8.72,12.561,11.341,1.0213,100748.8
0.9023,-0.0259,0.0518,8.841,4.085,9.817,0.9042,100748.74
1.0215,0.0146,-0.0327,14.512,-0.488,-3.841,1.0221,100749.45
1.0815,0.0513,0.0825,21.768,6.768,1.098,1.0859,100750.1
0.9507,0.0034,0.0601,7.439,10.488,10.976,0.9526,100749.62
0.9175,-0.0049,0.0156,12.073,13.537,10.305,0.9176,100749.0
0.9888,0.0181,0.0576,23.659,12.866,6.463,0.9906,100749.02
0.9849,-0.0073,0.1016,22.378,10.793,5.854,0.9901,100748.53
0.9917,-0.0034,0.0791,19.207,4.207,3.232,0.9949,100748.55
0.9932,0.0112,0.0381,18.537,-1.524,2.256,0.994,100748.67
0.9873,0.0269,0.1035,16.159,-13.293,6.098,0.9931,100748.16
0.9707,-0.0054,0.085,3.293,-24.573,9.268,0.9744,100748.27
0.9756,-0.0132,0.0122,5.366,-26.524,3.902,0.9758,100748.98
1.0078,-0.0186,-0.04,6.341,-23.841,-1.098,1.0088,100748.88
1.0298,-0.0186,0.0181,6.159,-28.171,2.988,1.0301,100749.05
0.9741,-0.0342,-0.0112,4.695,-25.915,3.598,0.9748,100748.73
0.9644,-0.0254,-0.0278,6.402,-21.341,-4.451,0.9651,100748.86
1.0278,-0.0225,0.0933,8.354,-31.463,-5.793,1.0323,100748.45
1.0015,-0.0439,0.1138,-13.659,-41.098,-0.305,1.0089,100748.49
1.0044,-0.0273,-0.0874,-34.268,-33.293,-3.598,1.0086,100749.36
1.0557,0.021,-0.2622,-35.061,-21.829,-1.585,1.0879,100748.93
1.0,-0.0264,-0.2544,-13.963,5.915,9.756,1.0322,100748.1
0.9121,-0.0244,-0.1826,12.561,-2.988,5.244,0.9305,100749.31
0.9897,-0.0068,-0.1826,17.195,-12.195,-4.451,1.0065,100749.37
1.0391,-0.0054,-0.1519,17.378,-4.756,-2.683,1.0501,100749.66
0.9609,-0.001,-0.1567,14.512,-0.61,2.256,0.9736,100749.02
