ax,ay,az,gx,gy,gz,avm,pressure
-0.9814,-0.0161,-0.2095,-0.427,-1.402,0.793,1.0037,100848.77
-0.9932,-0.019,-0.2158,-1.22,-2.012,0.61,1.0165,100848.84
-0.9819,-0.0132,-0.2153,-1.585,0.61,-0.244,1.0054,100848.77
-0.9824,-0.0151,-0.2119,-1.28,0.183,0.061,1.0051,100848.23
-0.9873,-0.0161,-0.2144,-1.098,-1.402,0.671,1.0104,100848.68
-0.9834,-0.0142,-0.2207,-1.22,-0.915,0.549,1.008,100849.01
-0.9839,-0.0146,-0.2197,-0.427,-0.122,0.305,1.0082,100849.27
-0.9893,-0.0161,-0.2109,0.488,-0.427,0.122,1.0116,100848.48
-0.9912,-0.0146,-0.2119,0.061,-0.183,0.183,1.0137,100848.48
-0.9834,-0.0156,-0.2207,-0.549,0.854,0.305,1.008,100847.76
-0.9829,-0.0132,-0.2144,0.549,1.524,0.366,1.0061,100848.05
-0.9922,-0.0181,-0.2109,0.488,0.61,0.427,1.0145,100847.55
-0.9858,-0.0195,-0.2075,-0.427,1.707,0.122,1.0076,100847.57
-0.9824,-0.0117,-0.2246,-1.585,1.829,0.183,1.0078,100847.69
-0.9873,-0.0142,-0.2207,-0.61,0.61,0.244,1.0118,100847.77
-0.9844,-0.019,-0.2202,-0.061,1.159,0.305,1.0089,100848.23
-0.9829,-0.0142,-0.2144,0.244,0.122,0.183,1.0061,100847.92
-0.9888,-0.0181,-0.2183,0.0,0.122,0.305,1.0127,100848.22
-0.9819,-0.0137,-0.2178,0.061,0.976,0.305,1.0059,100848.41
-0.9844,-0.0161,-0.2197,0.0,0.061,0.366,1.0087,100848.98
-0.9897,-0.0195,-0.2192,-0.122,0.366,0.427,1.0139,100849.25
-0.9854,-0.0137,-0.2168,-0.366,0.793,0.549,1.009,100848.22
-0.9839,-0.0156,-0.2256,-0.854,0.732,0.732,1.0095,100847.91
-0.9854,-0.0151,-0.2207,-0.427,0.549,0.854,1.0099,100848.07
-0.9854,-0.0142,-0.2202,0.183,0.244,0.915,1.0098,100848.11
-0.9893,-0.0171,-0.2217,0.183,0.366,0.732,1.0139,100847.99
-0.9785,-0.0161,-0.2241,-0.549,1.768,0.549,1.004,100848.53
-0.9868,-0.0132,-0.2295,-0.061,0.61,0.61,1.0132,100848.95
-0.9868,-0.0166,-0.2227,0.305,0.793,0.549,1.0118,100848.74
-0.9805,-0.0171,-0.2236,0.122,1.037,0.427,1.0058,100848.45
-0.9854,-0.0137,-0.2246,0.0,0.305,0.366,1.0107,100847.99
-0.9829,-0.0137,-0.2261,-0.427,1.22,0.427,1.0087,100847.56
-0.9814,-0.0137,-0.2256,-0.183,0.976,0.366,1.0071,100848.09
-0.9868,-0.0161,-0.2212,-0.183,0.671,0.366,1.0114,100847.7
-0.9839,-0.0151,-0.2231,-0.732,0.366,0.244,1.009,100847.93
-0.98,-0.0122,-0.2266,-1.098,0.549,0.244,1.0059,100848.01
-0.981,-0.0127,-0.231,-1.341,0.671,0.427,1.0079,100847.3
-0.9844,-0.0151,-0.2261,-1.22,0.793,0.488,1.0101,100847.38
-0.9824,-0.0156,-0.2285,-1.524,0.732,0.671,1.0088,100846.86
-0.98,-0.0098,-0.2319,-0.793,0.488,0.854,1.0071,100847.95
-0.9849,-0.0142,-0.231,-0.488,-0.305,0.793,1.0117,100848.5
-0.9844,-0.0151,-0.2178,-0.305,0.671,0.671,1.0083,100848.91
-0.9795,-0.0112,-0.2344,-2.073,1.037,0.732,1.0072,100849.12
-0.9844,-0.0112,-0.2339,-1.524,-0.244,0.366,1.0118,100849.12
-0.9844,-0.0151,-0.2314,-1.22,0.183,0.305,1.0113,100848.77
-0.979,-0.0112,-0.2275,-1.341,0.0,0.183,1.0052,100849.0
-0.9839,-0.0107,-0.2251,-1.89,-0.427,0.061,1.0094,100848.19
-0.9795,-0.0083,-0.2319,-2.683,-0.366,-0.305,1.0066,100848.7
-0.9844,-0.0107,-0.2334,-2.5,0.0,-0.061,1.0117,100849.09
-0.9834,-0.0112,-0.2295,-2.561,0.366,-0.061,1.0099,100848.64
-0.98,-0.0098,-0.2334,-2.927,1.22,0.0,1.0074,100848.05
-0.981,-0.0078,-0.2388,-2.683,1.037,0.061,1.0096,100848.11
-0.9824,-0.0078,-0.2319,-1.768,0.305,-0.061,1.0095,100847.9
-0.9805,-0.0112,-0.2368,-1.707,0.671,0.122,1.0087,100848.84
-0.9795,-0.0078,-0.2368,-0.671,0.549,0.305,1.0077,100848.32
-0.9854,-0.0107,-0.2334,-0.305,0.122,0.366,1.0127,100848.42
-0.9785,-0.0103,-0.228,-0.549,1.159,0.549,1.0048,100848.87
-0.9771,-0.0083,-0.2471,-1.098,0.671,0.732,1.0078,100848.47
-0.9834,-0.0093,-0.2354,0.488,0.061,0.854,1.0112,100849.16
-0.9814,-0.0122,-0.228,0.427,0.0,0.854,1.0077,100848.34
-0.9795,-0.0107,-0.2241,-0.427,0.0,0.793,1.0049,100848.43
-0.9829,-0.0122,-0.2295,-2.073,0.793,0.732,1.0094,100848.5
-0.9766,-0.0112,-0.2456,-2.683,1.768,0.366,1.007,100848.09
-0.981,-0.0088,-0.2456,-1.159,0.732,0.732,1.0113,100848.13
-0.9844,-0.0098,-0.2393,-0.183,1.402,0.732,1.0131,100847.79
-0.979,-0.0093,-0.2358,-0.122,1.402,0.61,1.0071,100847.93
-0.9775,-0.0098,-0.2397,-0.122,1.28,0.61,1.0066,100848.26
-0.9785,-0.0093,-0.2378,0.061,0.976,0.671,1.007,100848.27
-0.9814,-0.0098,-0.2412,-0.122,0.305,0.549,1.0107,100848.05
-0.9785,-0.0103,-0.2402,-0.366,0.366,0.427,1.0076,100847.63
-0.9785,-0.0078,-0.2417,-0.061,0.61,0.427,1.008,100848.41
-0.9795,-0.0083,-0.2349,2.073,-1.463,0.305,1.0073,100847.1
-0.9741,-0.0093,-0.2397,1.159,-1.22,0.305,1.0032,100847.79
-0.9868,-0.0112,-0.2354,1.524,-2.622,0.366,1.0146,100847.67
-0.9824,-0.0142,-0.2329,0.976,-0.976,0.305,1.0098,100848.09
-0.9756,-0.0083,-0.2354,0.854,-1.829,0.427,1.0036,100848.17
-0.9834,-0.0073,-0.2329,1.22,-2.622,0.61,1.0106,100848.22
-0.9819,-0.0103,-0.2344,0.854,-1.341,0.488,1.0096,100848.15
-0.981,-0.0107,-0.2344,1.098,-0.732,0.305,1.0086,100848.44
-0.9819,-0.0107,-0.2383,1.28,-1.402,0.793,1.0105,100848.18
-0.979,-0.0073,-0.2388,1.768,-1.402,0.793,1.0077,100846.89
-0.9834,-0.0083,-0.2393,2.805,-1.159,0.976,1.0121,100846.77
-0.9819,-0.0098,-0.231,3.841,-1.707,1.098,1.0088,100846.44
-0.9854,-0.0127,-0.23,3.963,-1.829,1.037,1.0119,100846.05
-0.9751,-0.0112,-0.231,5.671,3.78,-1.037,1.0021,100846.75
-0.98,-0.0171,-0.2168,4.329,-1.829,1.159,1.0038,100846.52
-0.9839,-0.019,-0.2178,2.378,-4.817,2.561,1.0079,100846.99
-0.9785,-0.0112,-0.231,1.585,-3.841,1.463,1.0055,100846.96
-0.9897,-0.0117,-0.2246,1.951,-2.317,0.732,1.015,100846.81
-0.981,-0.0146,-0.2256,1.098,-1.341,0.915,1.0067,100845.98
-0.98,-0.0103,-0.2148,0.976,-3.293,1.341,1.0033,100847.18
-0.9839,-0.0137,-0.2178,0.061,-3.598,1.402,1.0078,100847.35
-0.9858,-0.0083,-0.2241,-0.366,-3.232,1.402,1.011,100847.35
-0.9941,-0.0088,-0.23,0.427,-0.488,0.427,1.0204,100847.7
-0.9863,-0.0098,-0.2261,2.073,5.488,-1.89,1.012,100847.38
-0.9722,-0.0093,-0.21,1.098,3.963,-0.061,0.9946,100847.61
-0.9814,-0.0166,-0.2207,-1.829,-0.732,1.89,1.0061,100847.54
-0.9863,-0.0161,-0.2202,-2.256,-1.707,1.28,1.0107,100847.12
-0.9819,-0.0132,-0.2256,-3.11,-0.793,0.976,1.0076,100846.81
-0.9766,-0.0068,-0.2241,-2.744,-0.366,0.976,1.002,100846.81
-0.978,-0.0088,-0.2261,-1.951,-2.561,0.61,1.0039,100847.3
-0.9937,-0.0083,-0.2158,-0.549,-5.305,0.915,1.0169,100847.22
-0.9849,-0.0068,-0.2134,-1.402,-3.902,0.732,1.0077,100846.9
-0.9839,-0.0049,-0.2129,-1.524,-4.268,0.244,1.0067,100847.52
-0.9849,-0.0068,-0.2109,-0.732,-6.037,0.427,1.0072,100847.11
-0.9795,-0.0068,-0.2017,-0.61,-6.524,0.305,1.0001,100847.07
-0.9824,-0.0127,-0.1914,-1.341,-7.378,-0.305,1.001,100847.65
-0.9888,-0.0161,-0.188,-2.073,-7.317,-1.524,1.0066,100847.35
-0.9785,-0.0122,-0.1885,-2.439,-5.61,-4.207,0.9966,100847.62
-0.9868,-0.0137,-0.1885,-3.476,-7.439,-3.72,1.0047,100847.34
-0.9883,-0.0083,-0.1714,-3.902,-11.89,-1.707,1.0031,100848.35
-0.9492,-0.0024,-0.1729,-3.659,-14.817,-1.22,0.9648,100847.88
-0.9438,0.0024,-0.1694,-1.829,-12.988,0.488,0.9589,100848.62
-0.9497,-0.0103,-0.1606,-0.671,-11.646,1.037,0.9633,100848.57
-0.979,-0.0215,-0.165,1.585,-12.683,1.402,0.993,100849.4
-0.9741,-0.0308,-0.1377,5.183,-17.5,-0.061,0.9843,100849.41
-0.9741,-0.0376,-0.1118,6.159,-22.988,-3.659,0.9812,100849.77
-0.9868,-0.019,-0.1177,4.207,-25.61,-7.317,0.994,100849.44
-1.0366,-0.0186,-0.1245,3.232,-23.049,-7.378,1.0442,100849.58
-1.0044,-0.0269,-0.0444,4.329,-19.451,-6.707,1.0057,100849.44
-0.9189,-0.0137,-0.0327,2.378,-18.11,-4.512,0.9196,100849.05
-0.8872,-0.0068,-0.0557,3.11,-20.122,-0.427,0.889,100848.91
-0.9053,-0.0273,-0.0283,5.915,-21.951,1.585,0.9061,100848.43
-0.8901,-0.0459,0.0156,7.683,-28.598,0.854,0.8915,100849.16
-0.8838,-0.0527,0.0317,5.854,-30.854,1.28,0.8859,100848.24
-0.9282,-0.0542,0.0459,3.72,-36.098,1.22,0.9309,100849.16
-0.9219,-0.0391,0.0278,1.585,-36.585,0.305,0.9231,100849.02
-0.9292,0.0083,0.0337,2.622,-38.354,0.488,0.9298,100848.9
-0.9941,-0.0176,0.0986,0.732,-30.427,2.317,0.9992,100848.21
-1.082,-0.042,0.146,-3.598,-22.866,3.72,1.0926,100848.91
-0.9614,-0.0435,0.124,-7.256,-19.085,0.244,0.9704,100848.84
-0.873,-0.0376,0.1245,-3.598,-24.878,0.0,0.8827,100848.8
-0.9316,-0.0415,0.1709,-1.768,-24.207,3.841,0.9481,100849.5
-0.9526,-0.0327,0.1997,-6.89,-19.451,0.854,0.9739,100849.28
-0.874,-0.0547,0.146,-9.085,-13.841,1.646,0.8878,100848.99
-0.9482,-0.041,0.2124,-2.805,-13.232,5.671,0.9726,100849.91
-0.9834,-0.0513,0.2041,-3.598,-13.11,3.72,1.0057,100849.73
-0.8901,-0.0562,0.2324,-2.195,-21.159,3.598,0.9217,100850.2
-1.0347,-0.0796,0.2144,-5.183,-8.78,14.573,1.0596,100850.34
-1.1372,-0.0146,0.3091,-9.39,-4.207,1.89,1.1786,100850.19
-0.8433,0.0156,0.144,-17.988,-5.061,-11.402,0.8556,100850.31
-0.9175,0.0322,0.189,-10.122,-1.28,-0.305,0.9373,100850.16
-1.0449,0.0,0.2192,-4.756,3.476,10.305,1.0677,100850.89
-1.0879,-0.0361,0.1567,-5.732,6.707,5.976,1.0997,100851.59
-1.0103,-0.0063,0.187,-0.061,22.561,-0.61,1.0274,100851.84
-1.085,-0.0273,0.2334,0.793,16.098,0.183,1.1101,100852.05
-1.0532,-0.0254,0.1724,-0.488,16.89,0.366,1.0675,100852.59
-1.1289,-0.0371,0.2212,1.22,13.659,1.951,1.151,100853.11
-1.1387,-0.0264,0.1973,-2.744,24.146,0.976,1.1559,100852.86
-1.063,-0.0337,0.1499,-2.439,27.866,-3.476,1.074,100852.67
-1.0972,-0.0693,0.2065,3.354,18.171,-3.598,1.1186,100852.91
-1.0303,-0.0327,0.1523,1.951,14.451,-0.366,1.042,100852.33
-1.1201,-0.0132,0.2217,0.732,-3.354,4.573,1.1419,100853.84
-1.1455,-0.0156,-0.0044,-7.622,12.134,-0.183,1.1456,100853.77
-1.0757,-0.0146,0.0806,10.0,14.085,-0.915,1.0788,100853.7
-1.0962,-0.0469,0.2681,15.244,7.256,-0.244,1.1295,100853.81
-1.022,-0.0327,0.0972,1.829,11.159,-1.402,1.0271,100853.88
-0.917,0.002,0.0366,5.244,4.878,1.28,0.9177,100854.29
-1.0054,-0.0195,0.0342,9.512,1.585,7.561,1.0061,100854.12
-0.998,-0.0127,0.083,11.098,2.805,5.427,1.0016,100853.87
-0.9883,-0.0176,0.0859,7.744,3.476,3.232,0.9922,100853.68
-1.0142,-0.0176,0.0708,4.756,4.695,2.744,1.0168,100854.03
-1.0029,-0.0083,0.0659,4.451,2.256,2.439,1.0051,100853.44
-1.0317,0.0054,0.0566,4.085,0.183,4.146,1.0333,100854.1
-1.0181,0.0195,0.0635,5.122,0.305,4.695,1.0202,100854.59
-1.019,0.0171,0.0845,4.512,-0.183,5.427,1.0227,100854.23
-1.0264,0.0137,0.0718,2.439,0.183,5.366,1.029,100854.45
-0.9971,0.0308,0.0562,2.683,-0.488,3.841,0.9991,100853.52
-1.0034,0.0156,0.0571,2.012,0.366,2.622,1.0052,100853.07
-1.0059,-0.0015,0.0747,-0.427,3.232,1.341,1.0086,100853.19
-0.9883,-0.001,0.0576,-3.841,5.0,0.671,0.99,100853.57
-1.0024,0.0049,0.0503,-5.061,3.72,1.22,1.0037,100853.97
-1.0161,0.0015,0.0635,-6.159,3.293,0.671,1.0181,100854.02
-1.022,-0.0015,0.0605,-7.073,2.561,-0.427,1.0238,100854.05
-1.0117,0.0063,0.0361,-6.463,2.805,-1.768,1.0124,100854.09
-0.9902,0.0112,0.0439,-3.537,1.585,-1.585,0.9913,100854.35
-1.0112,0.0146,0.062,-2.5,-1.707,-0.366,1.0132,100853.7
-1.0215,0.02,0.0518,-5.366,0.549,-0.793,1.023,100852.85
-1.0088,-0.0049,0.0112,-5.915,2.805,-1.524,1.0089,100854.05
-0.9956,-0.0088,0.0371,0.0,2.439,0.305,0.9963,100853.96
-1.0034,-0.0039,0.0391,0.549,0.427,2.317,1.0042,100854.03
-1.0068,0.0034,0.0459,-0.976,0.915,1.585,1.0079,100854.81
-1.0049,0.0083,0.0303,-1.768,1.463,1.646,1.0054,100855.64
-1.0215,0.0137,0.0376,0.732,1.098,2.195,1.0223,100855.77
-1.0342,0.0039,0.0869,1.829,0.244,1.585,1.0378,100854.79
-1.0127,-0.0015,0.0645,-1.707,1.951,-0.366,1.0147,100854.17
-0.9971,0.0181,0.019,-1.28,3.963,0.488,0.9974,100854.34
-0.9839,0.0117,0.0239,1.707,3.354,0.427,0.9842,100853.6
-0.9883,-0.0049,0.0493,2.439,1.402,-0.793,0.9895,100853.01
-0.9937,0.0029,0.0425,-0.732,3.354,-1.037,0.9946,100852.48
-0.9912,0.0034,0.0229,-3.354,6.037,-0.122,0.9915,100852.18
-1.0049,0.0039,0.0322,-3.232,3.659,-0.549,1.0054,100852.47
-1.0024,0.0029,0.0425,-3.171,1.22,-0.793,1.0033,100853.91
-1.0249,-0.0029,0.0269,-3.293,0.854,0.366,1.0253,100854.0
-1.0024,0.0103,0.0078,-3.354,5.122,-1.037,1.0025,100854.03
-0.9966,0.0083,0.0098,-1.646,2.378,0.671,0.9967,100853.88
-1.0083,0.0015,0.0098,-0.671,1.768,1.402,1.0083,100853.59
-1.0,0.0005,0.0059,0.305,2.805,0.671,1.0,100853.52
-0.9922,-0.002,0.0137,0.671,2.622,0.183,0.9923,100853.62
-1.0063,-0.0044,0.0156,0.061,1.28,1.037,1.0065,100853.53
-1.0049,0.0059,0.0234,-0.854,0.488,1.524,1.0052,100852.74
-1.0142,0.0117,0.0205,-2.622,1.463,1.585,1.0144,100852.66
-1.0107,0.0078,0.0,-2.805,1.768,0.915,1.0108,100853.34
-1.021,0.0103,-0.002,-1.28,0.732,1.159,1.021,100853.59
-1.0332,0.0039,0.0273,-1.159,2.744,0.549,1.0336,100852.91
-0.9961,0.0024,-0.0039,-3.354,3.963,-0.366,0.9961,100852.68
-1.0005,0.0093,-0.021,-1.585,2.5,1.037,1.0008,100852.85
-1.0112,0.0049,0.0132,-0.732,3.049,1.159,1.0113,100853.97
-0.9927,0.0034,0.0015,-3.049,4.268,0.183,0.9927,100853.95
-0.9897,0.0059,-0.0234,-3.11,2.012,0.122,0.99,100854.53
-1.0024,-0.0039,-0.0171,-1.341,1.829,0.366,1.0026,100855.22
-0.999,-0.0068,-0.0063,0.183,1.098,0.0,0.9991,100855.51
-0.9985,0.0024,-0.0117,0.061,-0.183,-0.061,0.9986,100854.98
-1.0181,-0.0015,-0.0059,-0.793,0.488,0.244,1.0181,100854.35
-1.0186,0.001,0.0083,-1.341,1.463,-0.488,1.0186,100854.1
-1.0088,0.0073,0.0015,-2.5,0.915,-0.61,1.0088,100853.67
-0.9917,0.0044,-0.0332,-2.5,-0.488,-0.183,0.9923,100853.5
-1.0,0.0063,-0.0239,-0.976,0.122,-0.122,1.0003,100853.73
-1.0161,0.0078,-0.0264,0.366,1.707,0.671,1.0165,100853.62
-0.999,0.0073,-0.0151,1.28,1.585,0.915,0.9992,100853.22
-1.0034,-0.002,-0.0156,1.585,0.488,1.89,1.0035,100853.66
-0.998,-0.0015,-0.0112,1.585,-0.244,2.195,0.9981,100854.11
-0.9912,0.0068,-0.0127,1.037,-1.037,2.439,0.9913,100853.81
-1.0024,0.0068,-0.0142,0.488,-1.89,4.024,1.0026,100854.08
-1.0122,0.0068,-0.0156,0.915,-1.402,3.963,1.0124,100853.7
-1.0151,0.0166,-0.0195,0.671,-1.037,2.439,1.0155,100853.64
-1.0269,0.0107,-0.0264,0.854,0.427,1.037,1.0273,100855.05
-1.0225,0.0063,-0.0142,2.195,0.61,0.0,1.0226,100855.02
-1.0107,0.002,-0.0142,2.439,-1.768,0.061,1.0108,100853.07
-0.9971,-0.0044,-0.0059,2.317,-2.073,0.427,0.9971,100853.8
-0.9888,0.0029,-0.0029,1.402,-2.927,1.22,0.9888,100853.85
-0.9932,0.0171,-0.0107,0.427,-3.293,1.22,0.9934,100854.59
-0.9995,0.0107,-0.0137,0.488,-1.951,-0.183,0.9997,100854.21
-1.0103,-0.0024,-0.0024,1.402,-0.732,-1.585,1.0103,100854.3
-1.0093,0.0015,0.0044,1.402,-1.402,-2.073,1.0093,100853.98
-1.0161,0.0049,0.0034,0.061,-0.61,-0.793,1.0161,100854.1
-1.0132,0.0122,-0.0054,-1.646,0.122,0.305,1.0133,100853.7
-1.0171,0.0142,0.0034,-0.61,-0.61,0.793,1.0172,100852.66
-1.0093,0.0127,-0.0005,-0.183,-2.439,0.0,1.0094,100853.37
-0.9966,0.0088,-0.0044,0.793,-2.927,0.366,0.9966,100854.04
-0.9819,0.0073,0.0127,1.524,-3.537,1.463,0.982,100854.02
-0.9922,0.0044,0.0088,0.488,-2.988,2.378,0.9922,100853.3
-0.9951,0.0117,0.0063,-1.159,-1.829,2.195,0.9952,100853.01
-1.0146,0.0142,0.0063,-1.89,-0.549,2.134,1.0148,100853.02
-1.019,0.0142,0.0142,-0.366,-0.549,1.341,1.0192,100852.91
-1.0161,0.019,0.0117,1.098,-1.402,1.098,1.0164,100853.2
-1.0127,0.019,0.02,2.683,-3.232,1.402,1.0131,100853.2
-1.0024,0.0161,0.0161,2.622,-3.232,1.585,1.0027,100853.03
-0.9946,0.022,0.0127,2.561,-2.5,1.951,0.995,100853.06
-0.9893,0.0225,0.0122,2.439,-2.927,1.768,0.9896,100853.06
-1.0039,0.021,0.0195,1.829,-2.5,1.829,1.0043,100853.07
-1.0132,0.0132,0.0342,0.0,-1.402,1.707,1.0138,100853.08
-1.0181,0.0205,0.0366,-2.195,-1.707,1.341,1.0189,100852.56
-1.0054,0.0312,0.0234,-4.085,-0.976,0.671,1.0061,100852.09
-1.0103,0.0215,0.0181,-3.354,0.061,0.61,1.0106,100853.07
-1.0117,0.0171,0.0273,-1.951,-0.915,0.183,1.0122,100853.92
-0.9995,0.022,0.0186,-1.402,-0.061,-0.427,0.9999,100854.06
-0.9946,0.0186,0.0132,-0.488,0.0,-0.427,0.9949,100853.59
-0.998,0.0146,0.0347,0.122,-0.305,-0.122,0.9988,100853.86
-1.001,0.0117,0.0269,-1.768,0.732,-0.244,1.0014,100854.54
-1.0034,0.0181,0.0127,-2.317,1.098,-0.244,1.0037,100854.8
-1.0059,0.0215,0.0215,-1.098,1.22,-0.427,1.0063,100854.61
-1.0088,0.0171,0.0176,-0.183,0.854,-0.244,1.0091,100854.36
-1.0088,0.0195,0.0166,0.854,1.524,-0.183,1.0091,100854.55
-1.0024,0.0186,0.0205,1.707,0.854,-0.183,1.0028,100853.95
-1.0088,0.0176,0.0225,0.793,-0.366,0.488,1.0092,100854.22
-1.0005,0.0166,0.02,-0.427,-0.854,0.732,1.0008,100854.32
-1.0068,0.0112,0.0117,-0.915,-2.012,0.854,1.007,100854.66
-1.0103,0.0161,0.0229,-0.854,-0.61,-0.122,1.0106,100854.3
-1.0059,0.0156,0.0166,-1.768,0.366,-0.183,1.0061,100854.16
-1.0063,0.0161,0.022,-1.646,-0.244,-0.061,1.0067,100853.43
-1.0122,0.0142,0.0254,-1.585,-0.244,0.183,1.0126,100853.96
-1.0049,0.0103,0.0205,-1.22,-0.671,-0.061,1.0051,100854.02
-0.9961,0.0107,0.022,-0.427,-1.22,-0.305,0.9964,100854.05
-0.998,0.0059,0.02,-0.549,-0.976,0.0,0.9983,100854.56
-0.9937,0.0137,0.0298,-1.28,-1.463,-0.61,0.9942,100854.59
-1.0195,0.0083,0.0269,-4.207,-0.244,-0.61,1.0199,100854.71
-1.0161,0.0137,0.0269,-3.902,-1.402,0.488,1.0166,100854.7
-1.0171,0.0132,0.0234,-2.744,-1.22,0.549,1.0174,100854.56
-1.0039,0.0122,0.0273,-1.159,-0.488,-0.366,1.0044,100854.7
-1.0093,0.0054,0.0435,-1.22,-2.134,1.585,1.0102,100854.82
-0.9927,0.0068,0.0532,-2.927,-6.22,3.171,0.9941,100854.56
-0.9819,-0.001,0.0195,-6.768,-0.122,1.341,0.9821,100854.23
-0.9946,0.0122,0.0415,-5.488,1.707,1.585,0.9956,100854.7
-0.9912,0.0186,0.0273,-5.976,-0.366,0.671,0.9918,100854.46
-1.0054,0.0156,0.0205,-5.854,-2.073,-0.122,1.0057,100854.63
-1.0161,0.0127,0.0322,-3.72,-0.61,-0.671,1.0167,100854.41
-1.0249,0.0068,0.0381,-1.159,-0.305,-0.366,1.0256,100854.38
-1.0117,0.0132,0.04,0.244,0.244,-0.122,1.0126,100854.35
-1.0024,0.0132,0.0303,0.427,-0.793,-0.122,1.003,100854.09
-0.9995,0.0044,0.0278,0.549,0.244,0.061,0.9999,100855.11
-0.9883,0.0093,0.0308,0.854,1.341,0.488,0.9888,100854.91
-1.0205,0.0083,0.0449,0.427,-0.061,-0.488,1.0215,100853.52
-1.019,0.0103,0.0566,-0.854,-0.549,-0.793,1.0207,100853.6
-1.0156,0.0117,0.0259,-2.622,2.927,-0.183,1.016,100853.54
-1.0024,0.0146,0.0244,-1.341,4.146,-0.061,1.0028,100853.14
-1.0205,0.0166,0.02,-0.854,1.22,0.854,1.0208,100853.32
-1.021,0.0127,0.0356,-1.768,1.524,2.5,1.0217,100853.34
-1.0679,0.0142,0.021,-4.024,2.927,2.256,1.0682,100854.08
-1.0454,0.021,0.0322,-1.768,-5.305,-4.451,1.0461,100854.76
-1.0947,-0.0049,0.0513,-2.744,-7.744,-3.049,1.0959,100854.41
-1.0923,-0.0132,0.0439,-6.159,-3.232,-2.378,1.0932,100854.39
-1.1562,-0.0146,0.0718,-7.561,-7.683,-4.634,1.1586,100854.77
-1.1812,-0.0303,0.0869,-10.0,-7.134,-6.89,1.1847,100854.92
-1.0449,-0.0117,0.0718,-9.329,-10.671,-9.878,1.0474,100855.06
-1.0938,-0.0088,0.0874,-7.5,-12.256,-5.183,1.0973,100854.29
-1.1069,-0.0269,0.0962,-5.732,-15.061,-3.78,1.1114,100853.7
-1.0898,-0.0181,0.1035,-3.72,-15.427,-4.268,1.0949,100853.62
-1.04,-0.0059,0.0776,-2.134,-14.573,-5.488,1.0429,100853.7
-1.0029,-0.0112,0.0918,1.098,-15.366,-2.927,1.0072,100853.52
-0.9893,-0.0415,0.1392,2.195,-17.866,1.951,0.9999,100853.14
-1.1006,-0.0503,0.1309,-1.22,-20.183,3.659,1.1095,100852.99
-1.042,-0.0098,0.1221,-1.037,-17.256,-0.549,1.0492,100852.14
-1.0283,-0.0068,0.1304,0.549,-16.402,-1.646,1.0366,100851.98
-1.02,-0.0225,0.1187,-3.537,-9.939,-4.329,1.0271,100851.27
-0.9663,-0.0356,0.123,-1.89,-6.829,-3.171,0.9748,100851.2
-1.0195,-0.0225,0.1831,-2.439,-4.207,1.463,1.0361,100851.54
-1.0308,-0.0513,0.1323,-8.476,3.963,1.768,1.0405,100850.8
-0.9478,-0.0386,0.1611,-3.963,4.146,-1.524,0.9621,100850.38
-0.9604,-0.021,0.1343,-0.732,-0.732,-0.427,0.97,100850.31
-0.957,-0.0327,0.1367,2.927,-0.976,0.183,0.9673,100849.78
-1.002,-0.0244,0.1582,5.366,-0.61,2.012,1.0147,100849.61
-0.9517,-0.0356,0.1318,5.854,2.256,1.22,0.9614,100849.99
-0.9653,-0.0249,0.1602,7.683,-0.366,2.744,0.9788,100850.5
-1.0239,-0.0396,0.1602,7.134,1.89,5.61,1.0371,100850.66
-0.9819,-0.0459,0.1899,4.268,1.098,2.561,1.0012,100849.67
-1.0601,-0.001,0.188,0.549,4.085,2.012,1.0766,100850.66
-0.9668,0.0195,0.1162,-1.768,3.476,0.854,0.974,100850.04
-0.8672,0.0347,0.1245,1.951,-1.646,2.195,0.8768,100849.97
-0.897,0.0239,0.0898,3.598,4.268,7.256,0.9018,100849.95
-0.7861,0.001,0.0859,6.951,8.049,8.171,0.7908,100850.16
-0.8896,-0.0396,0.1567,9.756,6.28,14.39,0.9042,100850.09
-0.9961,-0.0688,0.1602,6.463,2.866,15.427,1.0112,100850.02
-1.021,-0.0005,0.1338,7.256,-8.72,8.354,1.0297,100850.48
-0.897,0.0166,0.1167,5.061,4.756,0.427,0.9047,100850.45
-0.9028,0.0005,0.0879,5.061,13.415,1.037,0.9071,100849.96
-0.9409,0.0186,0.1929,6.28,9.451,0.183,0.9607,100849.8
-0.9341,-0.0122,0.1108,-4.207,23.293,0.671,0.9407,100849.59
-0.9663,-0.0107,0.0352,-4.573,22.866,0.061,0.967,100850.45
-0.9517,0.0229,0.0864,1.646,13.78,0.183,0.9559,100849.73
-0.8921,0.0234,0.0889,-1.646,21.28,0.305,0.8968,100848.92
-0.9526,0.0049,0.0483,-5.976,24.024,1.22,0.9539,100848.59
-1.0034,0.0024,0.0674,-5.305,27.195,1.829,1.0057,100848.92
-0.9844,0.0029,0.0283,-5.976,28.232,0.976,0.9848,100848.81
-0.9961,0.0244,0.0073,-1.159,23.72,1.037,0.9964,100848.5
-0.9927,0.0596,-0.0093,2.073,20.427,0.915,0.9945,100848.37
-0.9873,0.0508,-0.0654,3.171,21.951,2.134,0.9908,100848.16
-0.9771,0.0195,-0.0537,6.951,25.671,3.476,0.9787,100848.37
-0.9717,0.0093,-0.0264,6.585,23.598,3.902,0.9721,100848.66
-1.0669,0.0034,-0.0132,1.341,18.415,4.512,1.067,100848.86
-1.0864,0.0107,-0.0659,-2.622,13.171,0.671,1.0885,100849.52
-0.9507,0.0518,-0.1499,1.585,10.183,-1.28,0.9638,100849.63
-0.9116,0.0835,-0.145,10.122,6.951,0.671,0.9269,100849.48
-0.9731,0.0352,-0.085,12.073,5.488,1.951,0.9775,100849.25
-1.0337,-0.0405,-0.0776,4.573,7.378,1.037,1.0374,100848.46
-1.0674,-0.0474,-0.0776,-2.622,10.366,-0.671,1.0713,100848.84
-1.0107,0.0049,-0.1245,-6.646,12.683,-2.439,1.0184,100849.02
-0.9561,0.0449,-0.1675,-7.561,12.439,-2.927,0.9717,100849.26
-0.9663,0.0415,-0.1538,-4.573,9.39,-1.037,0.9794,100848.7
-1.0049,0.0205,-0.1333,-4.024,8.72,0.427,1.0139,100848.78
-1.0112,0.0137,-0.1533,-5.183,8.659,-0.122,1.0229,100848.73
-0.9878,0.0186,-0.1665,-4.085,8.476,-0.61,1.0019,100848.66
-0.9907,0.0166,-0.1782,-2.927,8.11,-0.427,1.0068,100848.64
-0.9961,0.0151,-0.1709,-1.098,7.256,-0.549,1.0108,100849.09
-0.9941,0.0205,-0.1689,-0.244,6.159,-1.098,1.0086,100849.45
-0.9912,0.0361,-0.1709,-0.183,5.732,-1.524,1.0065,100849.33
-0.9863,0.0317,-0.1865,-0.549,5.61,-0.854,1.0043,100849.74
-0.9907,0.0259,-0.1987,-0.244,6.098,-0.244,1.0108,100849.45
-0.9927,0.0146,-0.1968,1.707,6.159,-0.061,1.0121,100849.36
-0.9922,0.0078,-0.187,3.049,4.939,-0.671,1.0097,100849.14
-0.9912,0.0098,-0.1831,2.805,4.634,-0.976,1.008,100848.38
-0.9839,0.0186,-0.2017,1.768,4.573,-0.854,1.0045,100849.27
-0.9946,0.0166,-0.2085,1.89,2.683,-0.488,1.0164,100849.44
-0.9937,0.0088,-0.1851,2.439,0.793,-0.305,1.0108,100849.09
-0.9917,0.0093,-0.2041,-0.305,2.012,-0.305,1.0125,100848.55
-0.999,0.0063,-0.2061,0.549,2.195,-0.366,1.0201,100848.79
-0.9878,0.0098,-0.2119,1.402,1.22,-0.183,1.0103,100848.97
-0.9873,0.0107,-0.2148,2.866,0.122,0.183,1.0105,100849.84
-0.9829,0.0039,-0.2026,3.232,2.073,-0.549,1.0036,100849.51
-0.9775,-0.0039,-0.1997,2.683,0.854,-0.671,0.9977,100849.63
-0.9907,0.002,-0.2031,2.439,-1.22,0.122,1.0113,100850.21
-0.9917,0.0059,-0.2109,1.037,1.463,0.244,1.0139,100850.41
-0.981,0.0059,-0.2158,1.037,2.622,0.671,1.0044,100849.45
-0.9849,0.0034,-0.209,1.768,1.037,1.402,1.0068,100848.98
-0.9854,-0.0005,-0.2158,1.524,0.976,1.585,1.0087,100849.12
-0.9824,0.0015,-0.2153,2.256,0.732,1.829,1.0057,100848.84
-0.9873,0.0049,-0.2119,2.195,-0.183,1.585,1.0098,100849.01
-0.9937,0.0054,-0.2148,1.524,-0.183,1.524,1.0166,100849.26
-0.9805,0.0034,-0.2065,0.427,2.256,1.22,1.002,100849.08
-0.9858,0.0039,-0.2192,-0.854,1.585,1.341,1.0099,100848.44
-0.9922,0.0059,-0.2163,-0.061,0.732,0.915,1.0155,100848.34
-0.9883,-0.0015,-0.2173,0.854,0.671,0.244,1.0119,100848.27
-0.9766,0.0078,-0.2129,2.378,-0.549,-0.305,0.9995,100848.35
-0.9844,0.0107,-0.2148,2.378,-1.037,-0.122,1.0076,100848.9
-0.9829,0.0044,-0.2163,1.89,0.122,-0.183,1.0064,100849.43
-0.9844,0.0044,-0.2026,2.073,-0.305,-0.366,1.005,100850.16
-0.9893,0.0005,-0.2021,0.732,-0.244,-1.22,1.0097,100849.85
-0.9849,0.0005,-0.2207,-0.427,-1.037,-1.768,1.0093,100850.12
-0.9873,-0.0015,-0.2188,0.366,-0.488,-1.524,1.0112,100849.47
-0.9795,0.0049,-0.2124,0.976,-0.061,-0.793,1.0023,100848.72
