ax,ay,az,gx,gy,gz,avm,pressure
-1.4326,0.0308,-0.228,-32.073,-8.902,-9.024,1.451,100653.74
-1.1611,0.0195,-0.3589,-28.537,-4.939,-11.524,1.2155,100653.66
-0.9194,-0.0977,-0.3062,-2.927,-1.829,-15.488,0.974,100653.37
-0.8672,-0.1338,0.0537,-5.183,3.902,-14.512,0.8791,100653.74
-0.8564,-0.0635,-0.2573,-44.756,-9.024,-10.305,0.8965,100653.43
-0.8843,0.0015,-0.3306,-35.732,-10.488,-10.671,0.944,100653.18
-0.9097,-0.0288,-0.2437,-31.098,2.012,-11.28,0.9422,100652.77
-0.8872,-0.0586,-0.2539,-40.549,10.915,-11.037,0.9247,100652.43
-0.8828,-0.0503,-0.3032,-44.512,12.317,-9.756,0.9348,100652.55
-0.9175,-0.0093,-0.3687,-44.085,12.256,-9.146,0.9888,100652.4
-0.9253,-0.0098,-0.3862,-40.976,14.268,-14.573,1.0027,100652.28
-0.8833,-0.0576,-0.3262,-37.866,15.671,-21.646,0.9434,100652.44
-0.9058,-0.062,-0.3384,-35.732,14.024,-24.695,0.9689,100653.42
-0.8794,-0.0015,-0.3384,-29.268,3.902,-31.768,0.9423,100653.56
-1.1157,-0.0112,-0.165,-24.695,2.988,-23.476,1.1279,100654.15
-1.4121,-0.1763,0.0474,-32.073,15.61,4.39,1.4239,100654.84
-1.2871,-0.3228,-0.0171,-28.963,-8.11,6.22,1.3271,100655.24
-1.0142,-0.3379,-0.0767,-15.061,-41.768,-7.195,1.0717,100654.78
-1.043,-0.2388,-0.3633,-17.439,-39.512,-9.085,1.1299,100654.32
-1.0034,-0.2075,-0.1626,-17.805,-22.683,-15.915,1.0375,100653.75
-0.8887,-0.2144,-0.1372,-47.195,-6.037,-12.561,0.9244,100653.81
-0.8853,-0.2212,-0.1724,-55.183,4.939,-5.244,0.9286,100653.97
-0.8862,-0.2529,-0.1006,-46.829,1.341,-6.585,0.9271,100653.23
-1.0044,-0.2329,-0.1221,-46.524,-11.341,-8.049,1.0382,100652.82
-0.9648,-0.189,-0.2334,-45.061,-17.744,-15.366,1.0105,100653.22
-0.9248,-0.2109,-0.2266,-47.317,-10.061,-9.024,0.9752,100654.27
-0.9399,-0.2163,-0.2051,-46.89,-6.22,-4.939,0.9861,100653.96
-0.9639,-0.209,-0.2251,-46.22,-5.854,-0.793,1.0116,100653.47
-0.9688,-0.2139,-0.2402,-41.585,-10.244,1.402,1.0207,100654.09
-0.9761,-0.2144,-0.2759,-39.451,-13.232,0.976,1.0367,100654.18
-0.9946,-0.23,-0.3022,-39.817,-10.915,2.805,1.0647,100654.49
-1.0215,-0.2505,-0.3262,-38.72,-9.512,5.0,1.1012,100654.11
-1.0361,-0.249,-0.2817,-35.549,-8.049,4.878,1.1023,100653.83
-1.0059,-0.228,-0.2397,-36.463,-8.354,2.195,1.0589,100653.73
-0.9951,-0.2388,-0.1138,-39.085,-8.72,2.439,1.0297,100653.3
-1.0684,-0.2397,-0.0234,-48.841,-16.524,1.829,1.0952,100653.7
-1.144,-0.1406,-0.2324,-58.171,-33.354,-1.341,1.1759,100653.38
-1.2344,-0.0825,-0.2798,-40.366,-27.073,1.463,1.2684,100653.27
-1.0142,-0.1167,-0.0928,-34.817,-1.524,-4.695,1.0251,100652.81
-0.8115,-0.1641,0.2256,-60.366,22.134,-2.073,0.8581,100653.21
-0.7617,-0.0923,0.1367,-69.268,12.622,-0.305,0.7794,100653.52
-1.0366,-0.0884,0.0039,-64.39,-1.707,8.659,1.0404,100653.37
-1.1748,-0.0669,-0.0776,-56.098,-11.524,-2.378,1.1793,100653.13
-1.1523,-0.0542,-0.1206,-55.732,-5.183,-11.829,1.1599,100652.59
-1.1089,-0.0991,-0.085,-59.512,6.585,-9.512,1.1165,100652.3
-1.0581,-0.1074,-0.0938,-67.683,1.341,-9.39,1.0677,100652.96
-0.9961,-0.0913,-0.1538,-76.098,-3.171,-9.268,1.012,100653.35
-0.9146,-0.1045,-0.1421,-81.22,1.89,-5.244,0.9314,100652.55
-0.8755,-0.0791,-0.145,-81.707,-0.549,-5.61,0.8909,100652.66
-0.9175,-0.0654,-0.1636,-80.122,-3.537,-2.317,0.9342,100653.11
-0.9937,-0.0664,-0.2158,-79.207,-7.927,-1.402,1.019,100652.7
-0.9507,-0.0747,-0.231,-77.134,-8.963,-8.72,0.9812,100652.66
-0.9243,-0.103,-0.2324,-80.0,-3.841,-11.037,0.9586,100652.26
-0.9951,-0.1284,-0.2671,-84.146,-2.256,-8.963,1.0383,100651.84
-1.0332,-0.1533,-0.3101,-83.598,-1.463,-14.756,1.0896,100651.89
-1.0073,-0.1533,-0.3496,-79.878,-1.341,-25.366,1.0772,100652.54
-0.9697,-0.1538,-0.3037,-77.988,4.39,-34.024,1.0277,100653.02
-1.0698,-0.1528,-0.105,-78.841,11.463,-38.598,1.0858,100653.88
-1.1978,-0.1729,0.1084,-81.463,11.28,-39.817,1.215,100653.54
-1.0112,-0.1714,-0.0171,-84.756,-6.951,-28.598,1.0258,100654.53
-0.9683,-0.2153,-0.2129,-72.012,-31.159,-29.268,1.0145,100654.52
-0.8472,-0.2197,0.0107,-70.0,-29.024,-48.72,0.8753,100654.76
-0.8335,-0.1992,0.0342,-104.756,-8.232,-39.451,0.8577,100653.7
-0.9531,-0.2202,-0.0107,-112.439,-6.463,-18.902,0.9783,100652.9
-1.2212,-0.3105,-0.0806,-105.61,-25.427,-9.634,1.2626,100652.58
-1.2256,-0.3501,-0.1108,-96.646,-44.085,-26.646,1.2794,100652.66
-0.9619,-0.377,0.0366,-101.28,-41.098,-36.341,1.0338,100652.02
-0.8105,-0.3101,-0.0283,-116.22,-44.39,-25.366,0.8683,100651.77
-0.9136,-0.1797,-0.0991,-115.61,-49.085,-9.878,0.9363,100652.33
-1.0005,-0.123,-0.168,-108.293,-41.159,-1.829,1.0219,100652.23
-1.0127,-0.1431,-0.2197,-93.963,-34.817,0.244,1.0461,100653.3
-1.0283,-0.2231,-0.2251,-75.488,-24.146,4.268,1.0761,100652.86
-0.9946,-0.2549,-0.1851,-59.146,-16.159,7.683,1.0433,100653.27
-0.9365,-0.2266,-0.1792,-50.488,-12.439,11.402,0.9801,100653.19
-0.8931,-0.2075,-0.2305,-43.049,-6.22,16.037,0.9454,100653.52
-0.9092,-0.208,-0.2617,-30.488,-5.061,18.537,0.9687,100654.11
-0.9766,-0.2422,-0.2285,-18.11,3.841,18.78,1.0318,100653.71
-1.0625,-0.334,-0.04,-13.659,8.476,15.427,1.1145,100653.41
-1.0747,-0.4224,0.1362,-22.317,-0.61,8.78,1.1627,100653.79
-1.2178,-0.3428,-0.0332,-39.268,-16.646,5.793,1.2655,100653.34
-1.2798,-0.168,-0.1431,-38.963,-19.939,-2.195,1.2987,100653.98
-1.0659,-0.1128,-0.0088,-52.5,-14.451,-10.732,1.0719,100653.99
-0.8667,-0.0923,0.1289,-73.902,10.061,-8.598,0.8811,100652.74
-0.8511,-0.0664,0.1577,-72.5,21.28,1.585,0.8681,100652.69
-0.7632,-0.0327,0.1582,-49.695,12.866,5.854,0.7801,100653.27
-0.8237,0.0605,0.0879,-32.195,-7.805,20.427,0.8306,100653.07
-1.1616,0.0503,-0.1484,-21.341,-27.134,21.098,1.1721,100652.68
-1.0742,0.0161,-0.0801,-9.451,-19.085,0.305,1.0773,100653.02
-1.0449,-0.0776,-0.0337,-21.28,-8.232,11.098,1.0483,100653.38
-1.0703,-0.1221,-0.1416,-29.573,-2.195,18.598,1.0865,100653.28
-0.9419,-0.1035,-0.0874,-21.402,3.11,9.146,0.9516,100653.72
-0.9038,-0.084,-0.0903,-21.89,3.78,8.72,0.9122,100653.8
-0.9395,-0.0591,-0.1646,-20.244,0.976,8.78,0.9556,100653.0
-0.9019,-0.0474,-0.1465,-13.841,4.634,3.72,0.9149,100652.51
-0.9214,-0.0146,-0.1841,-13.232,5.244,5.305,0.9397,100653.62
-0.9829,-0.0156,-0.1997,-11.341,6.28,9.085,1.0031,100653.96
-0.9624,-0.0732,-0.2339,-9.146,12.927,4.207,0.9931,100653.74
-1.0024,-0.0757,-0.2505,-5.366,18.415,0.0,1.036,100653.92
-0.9795,-0.0767,-0.2578,-7.927,19.756,-8.171,1.0158,100652.71
-0.9263,-0.0972,-0.2036,-9.939,30.061,-17.622,0.9533,100652.9
-1.022,-0.1006,-0.0981,-11.037,42.988,-21.22,1.0316,100652.92
-1.0952,-0.0649,-0.1074,-15.915,33.354,-20.61,1.1024,100654.06
-1.0718,-0.0474,-0.0889,-15.61,13.049,-12.927,1.0765,100653.57
-0.9531,-0.1294,-0.0034,-15.549,1.037,-14.329,0.9619,100652.94
-0.8384,-0.1548,-0.0513,-22.317,3.598,-20.427,0.8541,100652.46
-1.1157,-0.1421,-0.0825,-22.561,-1.89,-8.598,1.1278,100652.46
-1.3599,-0.1255,-0.1323,-22.317,-15.305,3.659,1.372,100652.87
-1.4331,-0.0933,-0.2124,-21.768,-16.22,6.524,1.4518,100653.28
-1.0479,-0.0239,-0.2007,-17.256,-11.22,-4.756,1.0672,100653.58
-0.853,-0.0396,-0.1616,-13.902,-4.878,-0.976,0.8691,100652.57
-0.8423,-0.0718,-0.1543,-10.427,-5.61,5.183,0.8593,100652.43
-0.8901,-0.1128,-0.1528,-2.622,-9.695,6.159,0.9102,100652.43
-0.9106,-0.1392,-0.1421,4.878,-11.402,3.293,0.9321,100653.3
-0.9072,-0.1235,-0.1782,7.073,-11.341,0.305,0.9328,100653.12
-0.938,-0.1143,-0.2158,12.012,-10.0,1.037,0.9693,100653.7
-1.0234,-0.1064,-0.2007,17.012,-7.561,4.207,1.0483,100653.28
-1.0869,-0.085,-0.2354,14.085,-2.439,6.89,1.1153,100653.07
-1.042,-0.0732,-0.2588,14.207,1.707,10.305,1.0761,100652.08
-0.9277,-0.0508,-0.231,18.841,6.402,14.634,0.9574,100651.7
-0.8882,-0.0474,-0.2236,22.561,11.829,23.049,0.9171,100651.41
-0.9253,-0.0952,-0.1885,28.537,15.305,28.963,0.9491,100652.78
-1.0176,-0.124,-0.0742,30.671,17.317,30.854,1.0278,100653.21
-1.0356,-0.0386,-0.0723,16.707,21.646,29.512,1.0389,100653.9
-0.8896,0.0625,-0.0044,3.537,26.646,25.854,0.8919,100653.31
-0.9307,0.0371,0.1084,2.256,27.134,26.89,0.9377,100653.85
-0.9077,-0.0146,0.0283,8.659,25.061,11.037,0.9083,100654.01
-1.3022,0.0298,-0.1509,24.878,24.939,6.646,1.3113,100653.14
-1.7056,0.1699,-0.2466,34.39,20.915,3.963,1.7317,100653.24
-1.3057,0.2026,-0.29,22.683,33.232,-10.732,1.3528,100654.05
-0.8506,0.043,-0.1255,7.5,59.756,-7.378,0.8609,100653.9
-0.79,-0.0479,-0.0029,-6.28,59.878,1.585,0.7915,100653.31
-0.7661,-0.0674,-0.0269,-13.78,42.195,-6.22,0.7695,100653.5
-0.8018,-0.0264,-0.228,-14.939,40.122,-15.488,0.834,100653.76
-0.916,-0.0127,-0.2764,-9.756,57.744,-17.805,0.9569,100653.2
-0.8623,0.0137,-0.2383,-10.671,72.012,-21.585,0.8947,100653.14
-0.8799,0.0366,-0.2939,-7.866,67.622,-14.512,0.9284,100652.98
-0.9136,-0.02,-0.2295,-0.854,73.537,-2.012,0.9422,100653.96
-0.7637,-0.0259,-0.2236,-4.268,64.512,3.171,0.7962,100653.85
-0.6938,-0.0264,-0.2383,-6.402,45.244,7.195,0.7341,100653.38
-0.7046,-0.0479,-0.1699,-7.622,21.22,10.0,0.7264,100653.41
-0.6919,-0.0234,-0.1816,-10.244,7.622,-0.305,0.7157,100653.07
-0.564,0.0166,-0.2139,-9.329,1.707,-5.549,0.6034,100652.82
-0.8311,0.0264,-0.3193,-4.329,-4.573,2.805,0.8907,100654.45
-0.8438,0.0376,-0.2837,4.634,13.293,-4.878,0.891,100654.45
-0.6895,-0.0991,-0.0454,3.537,10.793,0.549,0.698,100653.12
-0.4058,-0.0947,-0.105,-16.341,21.159,3.537,0.4297,100653.27
-0.3755,-0.0479,-0.0737,-33.232,60.122,1.463,0.3856,100653.14
-0.5337,-0.0342,-0.0972,-16.89,43.11,19.878,0.5435,100653.38
0.0537,-0.0903,-0.1807,-12.683,24.085,14.817,0.209,100655.24
-1.0703,0.3027,-2.6089,-6.89,-8.354,54.756,2.8361,100659.1
-2.2607,1.6689,-7.6318,3.659,316.89,-23.232,8.1327,100662.48
-3.3159,0.2554,-0.9297,65.488,296.159,101.037,3.4532,100660.49
1.2969,-0.2686,0.9453,-141.341,180.122,-76.951,1.6272,100660.56
1.7896,-0.6982,0.0625,-91.22,58.049,19.878,1.922,100661.26
0.3604,0.7144,-1.5435,120.427,113.354,9.695,1.7385,100660.65
2.8496,0.5254,-1.313,147.073,139.268,-112.317,3.1812,100661.16
0.0605,-0.3657,-1.2627,-47.561,-89.695,110.915,1.316,100662.55
0.4824,0.4556,-1.0449,-42.439,10.0,12.744,1.2378,100661.77
-0.2061,0.0801,-0.9004,-37.683,30.732,35.854,0.9271,100660.8
-0.0947,0.0269,-0.9067,-23.72,9.268,-1.585,0.9121,100661.04
0.1006,0.2422,-0.9644,-6.28,-13.78,-6.707,0.9994,100660.85
-0.3354,0.2852,-1.0908,-11.159,-16.707,12.622,1.1763,100660.72
-0.1533,0.166,-1.0659,-9.085,-2.134,-25.854,1.0896,100661.23
-0.0288,0.2314,-0.9185,-1.89,-1.768,-17.561,0.9476,100661.11
-0.0088,0.2188,-1.1113,-8.659,2.866,3.78,1.1327,100661.17
0.0483,0.2559,-1.0605,1.463,10.183,1.524,1.092,100661.09
0.146,0.1973,-0.9355,5.183,19.451,-4.207,0.9672,100660.41
0.3521,0.1313,-0.9346,5.793,-0.976,-16.707,1.0073,100660.64
0.269,0.1748,-0.9653,4.512,1.646,-9.634,1.0173,100660.95
-0.0889,0.1089,-1.0278,6.89,3.171,-4.634,1.0374,100660.05
0.1001,0.2061,-0.9438,2.622,0.61,-42.012,0.9712,100659.02
0.2954,0.231,-0.9409,-0.122,-10.854,-24.024,1.0129,100659.25
0.1606,0.1523,-1.0186,5.976,-18.537,11.951,1.0423,100658.66
0.1084,0.1157,-1.085,4.085,-16.646,16.159,1.0965,100658.58
0.1104,0.0947,-1.0513,3.78,-8.72,10.061,1.0613,100658.17
0.1509,0.0698,-0.9785,14.512,-9.878,1.341,0.9925,100657.6
0.0991,0.0171,-0.8945,25.793,-12.134,-0.671,0.9002,100658.05
0.0366,0.1543,-0.8979,25.732,-10.976,-3.902,0.9118,100659.73
-0.3628,0.1978,-0.9741,21.28,-59.634,10.244,1.0581,100659.27
-0.4058,0.1616,-1.2261,15.793,-52.561,6.829,1.3015,100659.54
-0.4165,0.0176,-1.3159,-4.573,33.354,9.756,1.3804,100659.14
-0.1958,-0.0342,-0.9658,21.28,43.415,-1.829,0.9861,100658.21
-0.0283,-0.0288,-0.6621,26.463,11.402,-13.78,0.6633,100657.52
0.1685,0.0356,-0.8486,-9.268,8.841,-18.415,0.8659,100657.88
0.1519,0.1802,-1.0532,-28.659,-2.744,-5.366,1.0793,100656.9
0.0332,0.2134,-1.1216,-20.915,-17.195,7.439,1.1422,100656.53
-0.0371,0.0874,-1.0879,0.488,-18.476,2.012,1.092,100656.27
-0.0503,-0.0024,-1.0337,5.305,-5.549,-8.171,1.0349,100656.07
0.0195,0.0317,-1.002,0.366,7.805,-13.72,1.0026,100657.05
0.0273,0.0713,-0.9517,1.22,5.915,-7.012,0.9547,100656.78
-0.0024,0.1094,-0.9863,-3.293,-3.841,1.402,0.9924,100657.45
-0.0688,0.1313,-1.0439,-4.573,-11.707,6.22,1.0544,100657.47
-0.1196,0.1118,-1.0356,0.305,-4.817,5.488,1.0485,100657.72
-0.0703,0.0879,-1.0122,2.378,5.915,1.22,1.0184,100658.16
-0.0278,0.0757,-0.9824,0.732,1.463,0.732,0.9857,100657.5
-0.0005,0.0796,-1.0122,-2.317,-1.585,1.463,1.0153,100657.88
-0.0029,0.0825,-1.0347,-2.744,0.305,1.951,1.038,100658.52
-0.019,0.0854,-1.0254,-0.488,1.829,1.098,1.0291,100659.14
-0.0259,0.0854,-1.0005,2.256,1.463,0.244,1.0045,100659.6
0.0308,0.0981,-0.9971,1.585,-1.341,1.707,1.0024,100658.71
-0.0913,0.0845,-1.0112,0.61,-2.073,9.268,1.0189,100658.9
-0.0806,0.0928,-1.0166,0.183,-1.768,2.988,1.024,100659.04
-0.0312,0.0913,-1.0127,0.061,-2.256,-0.915,1.0173,100659.27
-0.0288,0.084,-1.0151,0.427,-1.341,-0.915,1.019,100659.71
-0.0308,0.0796,-1.0142,1.28,-0.122,-0.61,1.0177,100659.76
-0.0322,0.0801,-1.0137,0.122,2.378,-0.488,1.0173,100659.7
-0.0303,0.0903,-1.0142,-1.037,1.524,-0.305,1.0186,100659.39
-0.0322,0.0879,-1.001,0.0,-1.341,0.793,1.0053,100659.66
-0.0327,0.084,-1.0093,-0.61,0.549,1.037,1.0133,100659.61
-0.0376,0.0864,-1.019,-0.732,-0.183,0.427,1.0234,100659.09
-0.0391,0.0889,-1.0093,-0.488,-1.098,0.183,1.0139,100659.31
-0.0356,0.0986,-1.0098,-1.341,0.183,-0.122,1.0152,100659.23
-0.0288,0.1035,-1.0098,-0.793,-1.098,-0.732,1.0155,100658.67
-0.0361,0.0952,-1.022,0.122,-2.561,-1.28,1.027,100657.63
-0.0527,0.0835,-1.0205,2.012,-3.72,-1.707,1.0253,100658.11
-0.0464,0.0576,-1.0078,3.232,-3.841,-2.805,1.0105,100658.59
-0.0161,0.062,-1.0479,2.073,-3.78,-3.11,1.0498,100657.95
-0.019,0.0835,-1.0098,9.268,-6.402,3.354,1.0134,100657.84
-0.0825,0.0625,-0.9785,9.207,-3.354,8.415,0.984,100657.65
-0.061,0.0845,-1.021,2.195,-0.793,3.72,1.0263,100657.61
-0.041,0.0952,-1.0195,3.78,-3.78,1.098,1.0248,100657.7
-0.042,0.0752,-0.9932,3.537,-1.098,0.061,0.9969,100657.77
-0.064,0.0562,-1.0112,0.305,0.976,-0.854,1.0148,100657.6
-0.0459,0.0464,-1.0107,1.951,-0.671,-0.549,1.0128,100657.2
-0.0566,0.0464,-1.0068,0.854,-0.915,2.317,1.0095,100657.29
-0.0747,0.062,-1.0215,-2.744,0.061,2.195,1.0261,100657.35
-0.0601,0.0708,-1.0166,-1.524,-0.488,0.61,1.0208,100657.65
-0.0483,0.0723,-1.0088,-0.488,-0.976,0.488,1.0125,100658.36
-0.0449,0.0723,-1.02,-1.524,0.244,0.793,1.0236,100659.01
-0.0488,0.0713,-1.0186,-1.037,-0.061,0.793,1.0222,100658.64
-0.0596,0.0674,-1.0063,-0.244,-0.793,0.671,1.0104,100658.73
-0.0562,0.0664,-1.0215,-0.854,1.646,0.793,1.0252,100658.17
-0.0654,0.061,-1.0137,0.488,-1.707,1.585,1.0176,100657.77
-0.0508,0.0674,-1.0059,-0.244,-0.549,0.976,1.0094,100658.19
-0.0474,0.0718,-1.0176,-1.951,1.28,0.793,1.0212,100658.89
-0.0518,0.0708,-1.0176,-0.915,-0.244,0.427,1.0214,100658.67
-0.0566,0.0684,-1.0122,0.122,-0.488,0.305,1.0161,100658.14
-0.061,0.0708,-1.0117,0.183,-0.732,0.549,1.016,100657.87
-0.0581,0.0742,-1.0117,-0.183,-0.366,0.671,1.0161,100658.88
-0.0532,0.0728,-1.0186,-0.671,-0.244,0.183,1.0225,100659.65
-0.0518,0.0698,-1.0146,-0.122,-0.915,0.0,1.0184,100658.88
-0.0571,0.0693,-1.0107,0.183,-0.122,0.366,1.0147,100658.65
-0.0532,0.0684,-1.0176,-0.244,0.793,0.366,1.0213,100658.23
-0.0552,0.0664,-1.0107,0.183,0.61,0.244,1.0144,100657.81
-0.0532,0.0752,-1.0166,-0.366,3.476,0.244,1.0208,100657.87
-0.0552,0.0728,-1.0068,0.61,-0.183,0.549,1.011,100658.64
-0.0537,0.0669,-1.0103,0.427,-2.073,0.427,1.0139,100658.59
-0.0498,0.0718,-1.0161,-0.549,0.976,0.793,1.0199,100658.2
-0.0508,0.0708,-1.0127,-0.549,0.183,0.61,1.0164,100658.16
-0.0537,0.0684,-1.0098,-0.427,-0.122,0.244,1.0135,100657.98
-0.062,0.0713,-1.0112,-0.122,-0.549,0.488,1.0156,100657.97
-0.0562,0.0742,-1.0176,0.183,-1.707,0.488,1.0218,100657.62
-0.0493,0.0698,-1.0103,-0.305,-1.22,0.732,1.0139,100657.96
-0.0488,0.0703,-1.0142,-0.976,-0.427,0.793,1.0178,100657.85
-0.0576,0.0732,-1.0098,0.0,-1.585,0.671,1.0141,100657.27
-0.0605,0.0732,-1.0098,-0.427,-1.585,0.488,1.0142,100657.45
-0.0586,0.0767,-1.0215,-1.341,-1.463,0.366,1.026,100657.97
-0.0659,0.0776,-1.0117,-0.549,-0.122,0.0,1.0168,100657.98
-0.061,0.0762,-1.0225,-0.549,1.951,-0.122,1.0271,100658.38
-0.0562,0.0679,-1.0039,0.61,-2.134,0.488,1.0078,100658.66
-0.0415,0.0659,-1.0103,-0.061,-1.037,0.671,1.0133,100658.88
-0.0562,0.0679,-1.0205,-0.732,-0.549,1.037,1.0243,100658.54
-0.0708,0.0752,-1.0146,-0.305,-0.427,0.305,1.0199,100658.04
-0.064,0.0835,-1.0054,-0.488,1.524,-0.183,1.0109,100657.9
-0.062,0.082,-1.0034,-1.098,0.854,-0.122,1.0087,100658.53
-0.0562,0.0781,-1.0195,-0.61,-1.585,-0.122,1.0241,100659.52
-0.062,0.0737,-1.0234,0.244,-2.622,0.427,1.028,100658.88
-0.0601,0.0698,-1.0142,0.183,-0.671,0.732,1.0183,100658.67
-0.0591,0.0679,-1.0039,0.0,0.183,0.854,1.0079,100658.89
-0.0576,0.0732,-1.0107,-0.427,-0.183,0.488,1.015,100659.66
-0.0645,0.0771,-1.0146,-0.244,-0.793,0.366,1.0196,100658.77
-0.0664,0.0796,-1.0151,-0.366,1.037,0.122,1.0204,100659.69
-0.0669,0.0786,-1.0122,-0.061,-0.549,0.488,1.0175,100659.4
-0.0596,0.0767,-1.0117,0.244,-2.378,0.427,1.0164,100659.55
-0.0581,0.0747,-1.0107,-0.305,0.671,0.366,1.0152,100658.69
-0.0674,0.0742,-1.0103,0.122,-0.183,0.854,1.0152,100658.41
-0.0674,0.0762,-1.0132,0.183,-0.366,0.61,1.0183,100658.57
-0.063,0.0728,-1.0112,0.244,-1.037,0.549,1.0158,100658.81
-0.0601,0.0752,-1.0112,0.061,-1.037,0.854,1.0158,100659.12
-0.0596,0.0757,-1.0137,0.183,-1.159,0.976,1.0182,100658.86
-0.0654,0.0742,-1.0142,-0.122,-1.098,0.671,1.019,100658.67
-0.0664,0.0791,-1.0132,-0.488,-0.183,0.183,1.0184,100658.89
-0.0649,0.0796,-1.019,-0.183,0.122,0.122,1.0242,100658.45
-0.0737,0.0767,-1.0059,0.732,0.854,0.427,1.0115,100657.98
-0.0605,0.0732,-1.0181,0.854,1.707,0.366,1.0225,100658.14
-0.0581,0.0645,-1.0034,2.134,-2.622,0.366,1.0072,100658.0
-0.0571,0.0713,-1.0093,0.183,-0.366,-0.183,1.0134,100659.49
-0.063,0.0771,-1.0137,-0.976,1.098,0.183,1.0186,100659.4
-0.0674,0.0767,-1.0142,0.0,0.0,0.427,1.0193,100660.19
-0.0698,0.0737,-1.0122,0.549,-0.305,0.183,1.0173,100659.28
-0.0669,0.0732,-1.0078,0.122,-0.671,-0.061,1.0127,100659.48
-0.0625,0.0728,-1.0132,-0.305,-0.488,0.549,1.0177,100659.13
-0.061,0.0737,-1.0156,0.0,-0.549,0.854,1.0201,100659.38
-0.0635,0.0742,-1.0112,0.061,-0.671,0.427,1.0159,100658.94
-0.0659,0.0737,-1.0122,-0.305,-0.061,0.061,1.017,100658.36
-0.0654,0.0718,-1.0176,-0.244,-0.305,0.305,1.0222,100659.03
-0.0728,0.0713,-1.0063,0.305,-0.183,0.732,1.0115,100659.78
-0.0645,0.0771,-1.0161,-0.488,2.378,0.488,1.0211,100659.12
-0.0679,0.0742,-1.0117,0.549,-1.585,0.61,1.0167,100659.37
-0.0586,0.0723,-1.0107,0.183,-1.28,0.183,1.015,100658.81
-0.0537,0.0713,-1.0122,-0.61,2.073,0.549,1.0161,100658.16
-0.0635,0.0723,-1.0127,0.244,0.122,0.732,1.0173,100658.12
-0.0674,0.0708,-1.0078,0.732,-0.366,0.244,1.0125,100658.24
-0.0566,0.0708,-1.0273,0.671,4.207,0.061,1.0313,100658.81
0.0049,0.0713,-1.0088,3.11,10.976,1.585,1.0113,100658.74
-0.126,0.063,-1.0137,2.378,-1.037,5.915,1.0234,100658.09
-0.0669,0.0757,-1.0273,0.732,-5.244,-0.305,1.0323,100658.22
-0.0547,0.0752,-0.9971,-1.037,4.329,0.549,1.0014,100658.8
-0.0571,0.0786,-1.0122,-1.28,2.195,1.463,1.0169,100658.38
-0.0454,0.0791,-1.0151,0.305,-0.976,-0.061,1.0192,100658.18
-0.0552,0.0659,-1.0,-0.732,3.11,-1.159,1.0037,100658.53
-0.0615,0.0635,-1.0181,-1.524,1.28,-0.488,1.0219,100657.68
-0.063,0.0601,-1.0054,0.244,-2.012,-0.427,1.0091,100658.03
-0.0371,0.0654,-1.0181,-1.707,2.073,-0.427,1.0208,100658.05
-0.0439,0.0649,-1.0083,-1.829,-0.244,0.671,1.0113,100657.45
-0.0498,0.0693,-0.9976,-1.951,-0.793,0.915,1.0012,100657.49
-0.0449,0.0825,-1.0103,-2.378,-0.732,1.768,1.0146,100658.13
-0.0479,0.0933,-1.0161,-1.524,-3.963,3.598,1.0215,100658.75
-0.0557,0.0933,-1.0449,-2.866,-6.22,4.268,1.0506,100658.83
-0.0742,0.0845,-1.0156,-1.585,-2.927,3.963,1.0218,100658.52
-0.0684,0.0713,-1.0171,0.305,-2.134,0.976,1.0219,100659.07
-0.0444,0.0771,-1.0337,-0.793,0.976,-1.402,1.0375,100658.84
-0.0605,0.0723,-1.0063,0.671,2.622,0.244,1.0108,100658.4
-0.063,0.0684,-0.9985,1.098,2.378,1.646,1.0029,100658.57
-0.0566,0.0674,-0.9961,1.22,-1.463,1.768,1.0,100658.57
-0.0474,0.0786,-1.0068,-0.854,-0.244,1.22,1.011,100657.58
-0.0542,0.0898,-1.0142,-1.463,-0.244,1.28,1.0196,100657.95
-0.0601,0.0898,-1.019,-0.427,-1.402,0.671,1.0248,100658.35
-0.0625,0.0859,-1.0171,-0.488,0.976,0.427,1.0226,100658.78
-0.0674,0.0811,-1.0093,-0.671,2.256,0.427,1.0148,100658.98
-0.0542,0.0786,-1.0024,-0.915,3.11,0.061,1.007,100659.25
-0.0513,0.0786,-1.0229,-1.402,5.305,0.549,1.0272,100658.83
-0.0771,0.0767,-1.0308,-0.366,7.744,0.61,1.0365,100659.27
-0.084,0.0771,-0.9922,-0.366,14.146,-0.976,0.9987,100658.71
-0.0356,0.0869,-0.998,-2.5,17.317,-1.89,1.0025,100658.42
-0.0024,0.0874,-1.0278,-0.61,10.549,-0.061,1.0315,100658.97
0.0298,0.0791,-1.0439,3.171,5.915,1.463,1.0474,100658.77
-0.0039,0.0571,-1.0303,5.122,4.939,2.012,1.0319,100658.6
-0.0454,0.0449,-1.0137,0.0,18.598,-9.451,1.0157,100658.84
0.0249,0.0869,-1.1406,-2.561,50.427,-22.195,1.1442,100658.8
0.1699,0.0693,-1.23,10.915,134.451,-28.841,1.2436,100659.02
0.4272,0.1079,-0.9678,41.829,196.89,-20.183,1.0634,100659.17
0.4761,0.0356,-0.9971,23.537,202.134,5.549,1.1055,100660.05
0.3662,0.0078,-1.0635,10.122,198.659,17.561,1.1248,100661.19
0.4976,-0.0522,-0.9126,47.683,145.61,13.049,1.0407,100661.17
0.4199,-0.0186,-0.7241,62.195,106.585,9.878,0.8373,100660.3
0.4668,-0.0293,-0.5083,57.134,55.427,5.488,0.6907,100660.28
0.5942,-0.0747,-0.439,22.195,-0.732,6.524,0.7426,100660.13
0.645,-0.083,-0.5894,-29.268,4.939,-4.878,0.8777,100659.16
0.6621,-0.1157,-0.8574,-46.098,-3.171,-10.671,1.0895,100658.19
0.7266,-0.0586,-0.9058,-9.085,-32.073,-12.439,1.1626,100658.43
0.668,0.0186,-0.7373,20.976,-50.488,-12.622,0.9951,100659.36
0.7349,-0.0093,-0.7837,7.988,-57.744,-14.756,1.0744,100659.08
0.7051,0.001,-0.8188,-2.744,-43.841,1.402,1.0806,100659.59
0.5654,-0.0249,-0.7549,-10.915,-1.463,10.305,0.9435,100660.0
0.5259,-0.0737,-0.8667,-23.841,-2.561,11.463,1.0164,100660.42
0.5513,-0.0601,-0.875,-13.902,-15.0,10.61,1.0359,100660.74
0.5532,0.0059,-0.7061,-11.22,4.573,1.037,0.897,100660.73
0.5884,-0.021,-0.8433,-34.146,1.28,-0.61,1.0285,100660.73
0.5801,-0.0239,-0.981,-26.768,-10.854,4.939,1.1399,100660.49
0.5132,-0.001,-0.8916,-0.793,-22.378,8.293,1.0287,100660.92
0.5166,0.0142,-0.7983,4.268,-27.5,2.622,0.951,100661.62
0.5615,0.0205,-0.855,-5.61,-24.573,-2.134,1.0231,100661.89
0.5376,0.0347,-0.8462,-5.671,-23.72,1.159,1.0031,100661.62
0.5,0.0259,-0.8794,-8.537,-27.256,2.561,1.0119,100661.79
0.4805,0.0049,-0.9624,-10.122,-25.732,0.122,1.0757,100662.04
0.4194,0.0015,-0.9009,1.341,-29.024,-0.488,0.9937,100662.73
0.3994,0.0156,-0.8589,3.598,-31.585,-4.878,0.9473,100662.52
0.4697,-0.0156,-0.9985,-3.415,-23.415,-9.756,1.1036,100662.45
0.4443,-0.0039,-0.9941,5.854,-19.756,-5.244,1.0889,100663.16
0.3501,-0.0132,-0.8511,14.39,-26.037,-1.585,0.9204,100663.07
0.3081,-0.0278,-0.8589,6.951,-27.744,-3.78,0.9129,100664.25
0.4312,0.0542,-0.9043,-2.805,-9.207,-6.951,1.0033,100664.14
0.4727,0.0776,-0.9775,-18.293,18.537,-0.854,1.0886,100664.08
0.4263,0.0547,-1.0605,-17.866,20.793,3.72,1.1443,100663.52
0.3794,0.0757,-0.9551,3.049,4.207,3.902,1.0305,100662.75
0.355,0.0513,-0.8696,7.622,-12.317,3.841,0.9407,100663.88
0.3354,-0.0229,-0.981,-0.793,-14.451,0.732,1.037,100663.38
0.3257,-0.0366,-1.0474,7.622,-11.89,-7.317,1.0974,100663.25
0.3755,0.0234,-0.9233,24.756,-25.915,-10.488,0.997,100662.67
0.4312,-0.0312,-0.9082,20.549,-34.817,-4.634,1.0058,100663.58
0.3809,-0.0576,-0.8994,8.537,-16.159,-1.402,0.9784,100663.77
0.2456,-0.001,-0.835,-2.073,-7.439,0.61,0.8703,100663.55
0.2261,0.0542,-0.9365,-15.854,-7.134,-6.707,0.9649,100663.63
0.3013,0.103,-1.0327,-15.732,-18.293,-14.024,1.0807,100662.45
0.3916,0.1108,-1.0723,-6.463,-27.378,-10.244,1.1469,100662.3
0.3628,0.0669,-1.0186,-0.183,-17.683,2.866,1.0833,100663.07
0.2808,0.0103,-0.9883,1.402,-7.073,14.085,1.0274,100663.27
0.2432,-0.0171,-0.9741,-0.915,-4.451,16.646,1.0042,100662.55
0.2593,-0.0249,-0.981,-2.439,-8.354,10.671,1.0149,100661.78
0.2549,-0.0044,-0.9355,1.646,-15.732,5.915,0.9697,100661.69
0.2095,0.0117,-0.8799,-0.732,-24.024,4.695,0.9045,100660.62
0.23,0.0547,-1.0762,-14.634,-47.5,5.0,1.1018,100659.95
0.1592,0.0688,-1.0605,-9.451,-40.244,13.476,1.0746,100659.96
0.1206,0.0576,-1.0098,-6.098,-22.866,13.537,1.0186,100659.36
0.1572,0.0576,-1.021,-6.22,-19.634,11.585,1.0346,100659.01
0.0962,0.04,-0.9692,-4.695,-17.012,14.817,0.9748,100659.12
0.0928,0.0327,-1.0298,-10.732,-17.622,7.378,1.0345,100657.85
0.0952,0.0532,-1.02,-6.951,-12.866,2.805,1.0258,100657.88
0.1104,0.0601,-0.9351,-6.951,-11.585,1.28,0.9435,100658.27
