ax,ay,az,gx,gy,gz,avm,pressure
-0.9092,-0.0703,-0.3525,-29.695,9.451,-2.744,0.9777,100289.53
-0.9067,-0.0698,-0.3486,-22.439,10.854,-2.073,0.974,100290.23
-0.9829,-0.0684,-0.3516,-16.341,5.549,-1.341,1.0461,100290.12
-1.0586,-0.0728,-0.3755,-15.061,2.744,-2.195,1.1256,100291.02
-1.1133,-0.0723,-0.4116,-16.341,3.537,-5.427,1.1891,100290.85
-1.0586,-0.0547,-0.519,-21.951,13.659,-10.244,1.1803,100290.71
-1.1128,-0.0283,-0.6997,-6.037,17.439,-11.707,1.3148,100290.73
-1.3042,-0.0649,0.1445,23.11,-17.683,-7.988,1.3138,100291.01
-0.9961,-0.1738,0.1221,-32.683,31.707,-13.598,1.0185,100291.22
-0.5894,-0.2104,-0.2334,-43.232,44.024,-22.012,0.6679,100290.88
-0.9004,-0.1587,-0.1318,-6.524,-14.634,-12.439,0.9237,100290.73
-1.3042,-0.1294,-0.2666,-7.561,-38.232,-25.549,1.3374,100290.62
-0.8999,-0.1001,-0.3799,-2.012,-45.183,-56.585,0.9819,100289.55
-0.6904,-0.1299,-0.0566,12.805,-43.171,-40.549,0.7048,100290.1
-0.8359,-0.2368,-0.1313,-14.939,1.768,-4.756,0.8787,100289.78
-0.9175,-0.2632,-0.1865,-12.317,-10.061,4.512,0.9725,100289.54
-0.9038,-0.2383,-0.3374,-15.976,-4.756,6.037,0.9937,100289.73
-0.9438,-0.2319,-0.3945,-4.329,-0.915,7.622,1.049,100289.63
-0.9775,-0.2139,-0.3188,5.976,2.683,5.183,1.0502,100289.42
-0.9673,-0.2358,-0.3472,2.622,2.195,2.317,1.0544,100289.01
-0.9888,-0.2617,-0.4131,3.049,4.024,2.134,1.1031,100289.31
-1.0093,-0.208,-0.5073,13.11,-2.622,0.854,1.1486,100289.07
-1.1157,-0.167,-0.5884,29.512,-1.585,1.341,1.2724,100288.14
-1.3013,-0.1846,0.043,59.756,-16.829,1.829,1.315,100288.64
-0.9941,0.0366,-0.3994,18.293,2.439,18.415,1.072,100288.2
-1.1753,-0.0205,-0.0229,60.122,-9.756,23.171,1.1757,100288.69
-0.9658,-0.085,-0.0981,49.573,8.415,22.134,0.9745,100287.96
-0.7827,-0.0747,-0.3252,48.963,20.366,24.451,0.8509,100288.63
-0.8711,-0.1172,-0.2715,66.829,17.5,27.012,0.9199,100288.65
-0.9912,-0.1978,-0.145,68.232,12.317,19.756,1.0211,100288.42
-0.9199,-0.23,-0.1182,49.939,10.549,7.195,0.9556,100288.26
-0.8813,-0.1592,-0.2344,26.402,13.841,2.195,0.9258,100288.25
-0.8857,-0.0581,-0.3481,11.037,14.451,0.915,0.9535,100288.22
-0.9497,-0.0034,-0.3511,-0.183,11.646,3.293,1.0125,100288.34
-1.0127,0.0122,-0.4351,-12.988,10.183,5.183,1.1023,100288.54
-1.0859,-0.0142,-0.4541,-12.256,9.756,9.085,1.1771,100288.58
-1.0132,-0.0771,-0.5654,-4.451,17.378,7.317,1.1628,100288.09
-1.1133,-0.1118,-0.5229,24.817,3.171,7.134,1.2351,100288.0
-1.2852,-0.1802,0.3179,43.11,-24.268,6.951,1.3361,100287.92
-0.8477,-0.2217,0.1436,-17.5,28.476,-2.622,0.8878,100288.99
-0.7573,-0.1855,-0.2451,-21.707,0.305,-2.317,0.8173,100288.8
-1.2173,-0.1182,-0.1045,6.341,-58.537,0.793,1.2275,100289.01
-1.1641,-0.0386,-0.1709,-10.061,-49.756,-6.951,1.1772,100289.29
-0.8423,0.0015,-0.2798,-24.756,-3.72,0.122,0.8875,100288.9
-0.7207,-0.0273,-0.2212,-14.085,12.134,9.817,0.7544,100287.74
-0.8228,-0.1196,-0.0913,-5.732,-3.11,13.78,0.8364,100287.61
-0.9658,-0.2026,-0.1938,-9.817,-10.244,13.476,1.0057,100288.12
-0.9336,-0.1367,-0.2383,-6.89,5.366,6.037,0.9732,100288.54
-1.0347,-0.1245,-0.3696,-13.537,14.878,5.976,1.1057,100288.8
-1.0796,-0.124,-0.376,-7.134,10.549,2.195,1.1499,100288.77
-1.0361,-0.0859,-0.3994,0.915,8.659,6.098,1.1138,100289.6
-0.9795,-0.0698,-0.4902,10.366,8.963,10.854,1.0975,100289.98
-1.0698,-0.0781,-0.5029,26.341,8.902,12.012,1.1847,100290.03
-1.2974,-0.2427,0.0762,47.988,-19.207,2.134,1.3221,100289.82
-1.0835,-0.3599,0.5894,14.817,-11.768,-11.768,1.2848,100289.91
-0.7168,-0.1675,0.0586,-48.049,12.805,-14.695,0.7384,100290.47
-1.124,-0.061,-0.4194,-39.268,-20.122,-9.085,1.2013,100290.02
-1.2432,-0.1758,-0.0996,-9.512,-25.366,-19.146,1.2595,100289.08
-0.9019,-0.2549,0.0806,-25.793,3.537,-24.024,0.9406,100288.75
-0.6797,-0.2056,-0.1689,-54.512,8.476,-20.976,0.7299,100288.62
-0.8389,-0.1743,-0.2021,-59.573,-10.732,-12.439,0.8803,100288.23
-0.9766,-0.1938,0.0293,-69.939,-26.402,-10.61,0.996,100288.59
-1.0073,-0.1738,0.0234,-99.39,-34.39,-7.439,1.0225,100288.73
-1.0771,-0.1343,-0.1885,-119.756,-22.5,-6.89,1.1017,100288.45
-0.9985,-0.1011,-0.2749,-114.878,-5.305,-15.915,1.0406,100288.9
-1.0166,-0.1196,-0.2119,-101.646,-18.841,-18.72,1.0453,100288.23
-1.0864,-0.1318,-0.1445,-105.549,-23.78,-19.756,1.1039,100288.32
-1.0098,-0.0835,-0.1841,-118.902,-8.415,-19.512,1.0298,100287.9
-0.9673,-0.0527,-0.3716,-120.793,-1.89,-16.341,1.0375,100288.2
-1.1528,-0.2012,-0.0479,-100.427,-24.573,-13.659,1.1712,100289.29
-1.1475,-0.3833,0.5063,-112.805,-19.085,-7.439,1.3115,100289.0
-0.7358,-0.3335,0.0303,-155.488,5.488,-20.488,0.8085,100288.77
-0.8706,-0.2305,-0.2568,-125.366,-61.585,-25.732,0.9365,100287.27
-1.2671,-0.1797,0.1177,-98.963,-83.476,-21.402,1.2852,100286.77
-1.0518,-0.1646,-0.0078,-126.768,-30.427,-18.293,1.0646,100287.84
-0.8335,-0.1548,-0.1323,-126.524,-9.695,-10.122,0.858,100287.57
-0.8403,-0.1763,-0.0913,-109.268,-16.768,-8.537,0.8635,100287.36
-0.9155,-0.2393,-0.1411,-96.524,-31.951,-8.963,0.9567,100287.19
-0.9858,-0.2334,-0.1401,-82.744,-43.354,-7.012,1.0227,100287.91
-1.0117,-0.2041,-0.1577,-79.817,-35.366,-2.622,1.0441,100287.11
-0.9653,-0.2285,-0.2456,-79.634,-21.585,1.098,1.022,100287.24
-1.041,-0.2729,-0.1797,-68.78,2.5,11.829,1.0911,100286.99
-0.999,-0.2471,-0.2251,-61.707,21.037,14.329,1.0535,100286.06
-0.9731,-0.1763,-0.4131,-43.598,12.683,16.037,1.0718,100286.09
-1.1553,-0.1641,-0.293,-13.293,13.232,19.451,1.2031,100286.73
-1.374,-0.3374,0.2886,0.976,-16.951,11.524,1.444,100286.11
-1.1265,-0.3311,0.3438,-39.39,9.634,3.659,1.2234,100286.12
-0.6279,-0.1465,0.0024,-70.0,29.329,-12.805,0.6448,100287.34
-0.7935,-0.1426,0.0537,-66.646,-26.28,-15.305,0.808,100286.69
-1.3354,-0.3062,0.1387,-68.171,-38.354,-10.793,1.3771,100286.41
-1.2192,-0.2939,0.1055,-73.415,-22.622,-23.902,1.2586,100286.23
-0.7656,-0.1001,0.0488,-84.878,-2.134,-26.22,0.7737,100286.94
-0.7847,-0.0542,0.0298,-104.695,10.061,0.549,0.7871,100287.36
-0.9668,-0.1138,-0.0488,-118.72,9.146,14.451,0.9747,100287.29
-1.001,-0.124,-0.1045,-113.841,-5.793,9.024,1.014,100286.87
-0.9873,-0.0786,-0.1592,-105.305,-10.061,4.268,1.0031,100286.41
-1.0186,-0.0708,-0.2119,-100.549,2.744,4.756,1.0428,100286.94
-1.0225,-0.1074,-0.2114,-96.037,15.854,-0.183,1.0496,100286.98
-0.9688,-0.1206,-0.1821,-91.28,14.817,-7.988,0.9931,100286.88
-0.9985,-0.1069,-0.2329,-89.939,5.427,-9.024,1.0309,100287.05
-1.043,-0.0439,-0.3208,-83.902,6.951,-7.744,1.0921,100287.66
-1.0361,-0.0024,-0.3345,-75.488,20.244,-6.646,1.0888,100287.38
-1.0684,-0.0806,-0.4639,-69.878,30.366,-7.927,1.1675,100288.02
-1.2852,-0.2637,0.0249,-44.146,-10.488,-6.646,1.3122,100287.05
-1.1123,-0.4106,0.3691,-61.951,5.244,-15.244,1.2418,100287.3
-0.7275,-0.4233,0.0903,-96.646,20.61,-30.793,0.8466,100286.37
-0.7271,-0.3081,-0.1558,-94.329,-9.451,-32.988,0.8049,100287.03
-1.0703,-0.1992,-0.0625,-79.817,-68.598,-31.768,1.0905,100287.17
-1.105,-0.166,-0.0586,-94.329,-73.11,-35.915,1.1189,100287.13
-0.9668,-0.1699,-0.1108,-109.451,-43.537,-26.28,0.9879,100286.49
-0.8765,-0.1934,-0.1489,-112.744,-18.659,-12.378,0.9098,100285.64
-0.9238,-0.2451,-0.1372,-105.732,-22.439,-6.098,0.9656,100285.62
-0.9482,-0.2651,-0.0972,-99.39,-27.561,-5.061,0.9894,100284.62
-0.9219,-0.2354,-0.1929,-95.61,-20.366,-2.866,0.9708,100285.09
-0.9536,-0.2075,-0.2529,-77.561,-5.183,3.171,1.0082,100285.7
-0.9814,-0.2446,-0.2612,-65.793,1.22,6.159,1.0447,100286.12
-1.041,-0.2358,-0.2983,-52.317,-1.829,8.415,1.1083,100286.1
-1.126,-0.1924,-0.4014,-37.256,-6.646,11.463,1.2108,100286.2
-1.0439,-0.1313,-0.457,-19.451,2.073,10.793,1.1471,100286.88
-1.0718,-0.1431,-0.3628,-0.244,18.902,14.695,1.1405,100287.14
-1.2515,-0.2856,0.2061,13.415,0.976,14.39,1.3001,100287.11
-0.9805,-0.3174,0.3281,-15.244,15.427,2.988,1.0815,100286.73
-0.6685,-0.1304,0.1533,-38.476,18.841,0.0,0.6981,100286.93
-1.0156,0.0205,-0.1714,-44.024,1.341,6.341,1.0302,100287.2
-1.2812,-0.0049,-0.2334,-25.793,-7.805,-8.415,1.3023,100287.02
-1.0288,-0.0586,0.0547,-3.476,-18.232,-19.024,1.0319,100287.26
-0.793,-0.0684,-0.0815,-17.683,-6.341,-12.744,0.8001,100287.32
-0.8159,-0.0723,-0.2524,-22.134,-4.329,-4.451,0.8571,100287.48
-0.916,-0.0952,-0.2227,-15.244,-10.854,-2.805,0.9475,100286.98
-0.9912,-0.1216,-0.1489,-16.22,-14.207,-2.622,1.0097,100287.23
-1.0684,-0.124,-0.1743,-26.768,2.134,-1.463,1.0896,100287.54
-1.0068,-0.062,-0.3003,-34.451,27.866,-1.098,1.0525,100287.29
-0.8462,0.0146,-0.3208,-29.695,35.366,-2.988,0.9051,100287.09
-0.9351,-0.0132,-0.2822,-25.488,19.634,0.366,0.9768,100286.82
-1.0894,-0.0298,-0.4067,-21.159,7.622,-0.122,1.1632,100286.75
-1.1616,0.0312,-0.4897,-1.159,-9.024,-6.829,1.261,100286.58
-1.2246,-0.0317,-0.5586,19.268,-8.415,-12.134,1.3464,100285.94
-1.3145,-0.0991,0.2144,49.512,-31.463,-10.122,1.3355,100286.56
-1.0078,-0.0698,0.354,11.463,26.159,1.28,1.0705,100287.27
-0.5454,-0.0298,-0.2417,-7.561,59.024,4.085,0.5973,100287.08
-0.8013,-0.0068,-0.1162,43.171,-13.049,6.341,0.8097,100286.57
-1.2222,-0.0063,0.1016,57.378,-41.463,7.744,1.2264,100287.17
-1.123,-0.0488,-0.103,38.598,-18.78,6.646,1.1288,100286.75
-0.8643,-0.0942,-0.2134,42.622,11.402,9.329,0.8952,100286.94
-0.8413,-0.1309,-0.0713,59.634,12.866,10.854,0.8544,100286.46
-0.9502,-0.1738,0.0039,59.817,-4.329,8.963,0.966,100286.47
-0.9849,-0.1313,-0.1963,49.512,-2.439,5.61,1.0128,100285.88
-1.0342,-0.1211,-0.2275,49.939,-3.476,1.829,1.0658,100286.86
-1.0356,-0.1118,-0.2563,45.915,0.488,1.402,1.0727,100286.66
-1.0122,-0.0771,-0.2485,41.646,0.61,5.671,1.0451,100286.33
-1.0381,-0.0171,-0.3564,38.049,1.89,13.537,1.0977,100286.09
-1.0361,0.0132,-0.4224,47.195,21.098,22.012,1.119,100286.55
-1.0669,0.0391,-0.3726,70.061,27.561,26.28,1.1307,100286.52
-1.3828,-0.0991,0.2217,90.549,-9.085,21.28,1.404,100287.6
-1.1074,-0.2524,0.7246,51.463,16.463,12.317,1.3473,100287.32
-0.584,-0.0879,-0.0146,-7.683,44.024,11.585,0.5907,100287.25
-1.1348,0.0161,-0.502,32.195,-15.183,20.915,1.2409,100288.28
-1.3467,-0.0811,0.0562,82.744,-25.854,2.805,1.3503,100288.81
-0.8296,-0.1523,-0.0288,57.683,10.061,-14.085,0.844,100288.84
-0.7012,-0.1431,-0.2861,45.427,23.476,-7.5,0.7707,100288.25
-0.8525,-0.105,-0.1636,54.817,8.476,-2.073,0.8744,100287.47
-0.9414,-0.125,-0.0137,37.256,-4.634,-1.22,0.9498,100287.36
-0.9146,-0.1196,-0.124,1.341,7.744,0.793,0.9306,100287.52
-1.0044,-0.0742,-0.2905,-16.402,12.927,4.634,1.0482,100287.14
-1.0273,-0.0825,-0.272,-18.415,15.061,0.793,1.0659,100286.86
-1.0073,-0.0977,-0.187,-28.476,15.915,0.427,1.0292,100287.13
-1.0566,-0.0889,-0.3877,-45.854,17.378,3.354,1.129,100287.33
-1.0332,-0.0679,-0.5654,-37.683,25.0,0.305,1.1798,100287.11
-1.0054,-0.0771,-0.5278,-16.159,31.159,-4.756,1.1381,100286.7
-1.1665,-0.1284,-0.1338,-0.854,-5.061,-8.476,1.1812,100287.5
-1.2314,-0.1597,0.2583,-25.976,-20.549,-3.537,1.2683,100287.1
-0.8711,-0.1357,-0.085,-68.537,28.841,-4.878,0.8857,100286.57
-0.6973,-0.1313,-0.0923,-58.72,11.585,-10.61,0.7155,100286.77
-0.9727,-0.1089,-0.0688,-45.0,-36.829,-9.146,0.9812,100285.72
-1.2612,-0.0879,-0.1606,-44.329,-57.195,-14.512,1.2745,100285.15
-1.1069,-0.0688,-0.1895,-44.695,-36.646,-17.744,1.1251,100284.73
-0.876,-0.0674,-0.1919,-45.976,-8.476,-11.341,0.8993,100284.77
-0.7725,-0.1108,-0.2051,-43.78,-5.244,-7.683,0.8069,100284.54
-0.8413,-0.1655,-0.1831,-37.683,-5.244,0.244,0.8768,100285.27
-0.9395,-0.1826,-0.1772,-34.085,-0.915,5.915,0.9733,100285.2
-0.9409,-0.2012,-0.2788,-31.707,1.768,6.768,1.0018,100285.62
-0.9453,-0.1592,-0.2983,-21.28,8.049,6.89,1.004,100286.19
-0.9434,-0.063,-0.2324,-15.244,10.915,8.659,0.9736,100285.87
-1.0454,-0.043,-0.3281,-23.11,10.732,16.463,1.0965,100285.02
-1.1831,-0.043,-0.4321,-21.829,13.841,17.622,1.2603,100285.47
-1.0825,-0.0581,-0.4849,-5.183,25.671,9.573,1.1876,100286.55
-1.1304,-0.1689,-0.418,15.549,30.366,5.427,1.217,100286.24
-1.2983,-0.3281,0.062,28.537,-5.549,-0.488,1.3406,100286.49
-0.9316,-0.3164,0.1304,-10.366,18.11,-14.512,0.9925,100287.05
-0.5708,-0.1377,0.0044,-39.939,10.305,-18.293,0.5872,100286.76
-1.0059,-0.0537,-0.1094,-54.024,-25.427,-6.037,1.0132,100286.87
-1.3911,-0.1533,-0.0967,-65.366,-37.073,-12.561,1.4029,100286.73
-1.0903,-0.1924,0.0645,-80.488,0.244,-23.354,1.109,100287.22
-0.7617,-0.1768,-0.1313,-108.171,30.122,-27.622,0.7929,100286.62
-0.7559,-0.1855,-0.2148,-112.195,5.122,-32.012,0.8074,100286.19
-0.999,-0.144,-0.041,-117.744,-33.049,-32.866,1.0102,100286.58
-1.1025,-0.0566,-0.0264,-148.963,-49.024,-35.549,1.1043,100286.26
-1.0825,0.0303,-0.1372,-174.878,-30.427,-30.854,1.0916,100285.77
-1.0283,0.0952,-0.1792,-179.39,-6.22,-24.695,1.0482,100286.14
-0.9707,0.0771,-0.1489,-174.756,-5.732,-22.073,0.9851,100285.81
-0.9678,0.0562,-0.1777,-172.622,-7.5,-17.5,0.9856,100286.8
-0.9268,0.083,-0.2554,-166.402,-5.061,-14.39,0.9649,100285.83
-1.0,0.1055,-0.2847,-154.817,3.537,-10.854,1.0451,100285.7
-1.2036,-0.0352,-0.2295,-135.915,-1.951,-24.024,1.2258,100285.61
-1.2056,-0.3311,0.0771,-112.866,-27.073,-37.683,1.2526,100286.02
-0.9795,-0.3574,-0.0366,-107.866,-14.573,-41.463,1.0433,100285.73
-0.8325,-0.1855,-0.0659,-106.829,-25.732,-48.598,0.8555,100285.52
-0.9351,-0.1323,-0.1289,-118.415,-30.488,-42.378,0.9531,100285.11
-1.0635,-0.1396,-0.1533,-124.451,-31.524,-36.707,1.0835,100284.91
-0.9966,-0.1675,-0.0479,-123.902,-29.634,-29.207,1.0117,100285.02
-0.8882,-0.2285,-0.1616,-127.5,-10.061,-17.439,0.9312,100285.86
-0.8613,-0.2764,-0.2305,-109.817,-23.293,-17.317,0.9335,100286.1
-1.0132,-0.3237,-0.0874,-95.183,-44.146,-17.195,1.0672,100286.03
-1.0518,-0.3521,-0.0962,-110.915,-32.744,-19.207,1.1133,100286.86
-0.9849,-0.2524,-0.2427,-120.61,2.927,-3.72,1.0453,100286.62
-0.9517,-0.1484,-0.3208,-112.622,4.085,0.671,1.0152,100285.93
-0.8896,-0.061,-0.4004,-91.585,-4.939,7.378,0.9775,100285.53
-0.9072,0.0024,-0.4097,-61.22,-0.244,19.878,0.9954,100285.12
-1.167,-0.1074,-0.4321,-29.695,-2.073,20.427,1.2491,100284.57
-1.3633,-0.2778,0.4639,4.268,-46.159,4.329,1.4666,100284.52
-0.8936,-0.2686,0.4492,-64.329,19.146,3.415,1.0355,100285.81
-0.7588,-0.1338,-0.2769,-99.268,24.451,7.622,0.8187,100285.45
-1.3325,-0.0483,-0.127,-58.232,-35.305,1.098,1.3394,100286.02
-1.2319,-0.0986,0.1382,-57.805,-11.524,-10.366,1.2436,100285.38
-0.7275,-0.103,-0.0415,-82.622,22.073,-13.293,0.736,100285.13
-0.7197,-0.0601,-0.1577,-82.988,1.951,-7.317,0.7392,100285.05
-0.9644,-0.0469,-0.1577,-77.805,-15.305,-0.427,0.9783,100285.26
-1.0205,-0.0337,-0.1748,-75.427,-17.134,-3.049,1.0359,100284.9
-0.9849,-0.0083,-0.1934,-71.951,-7.744,-3.11,1.0037,100285.36
-1.0146,0.0044,-0.3135,-65.976,7.134,-1.037,1.062,100285.7
-1.0186,-0.0142,-0.29,-46.463,17.256,-2.317,1.0591,100286.1
-1.0381,-0.0151,-0.1782,-32.5,17.317,-2.744,1.0534,100286.76
-1.0527,0.0273,-0.3174,-31.951,16.585,-4.085,1.0999,100286.49
-1.0562,0.0806,-0.4609,-20.366,20.183,-3.963,1.1552,100287.05
-1.1548,0.0439,-0.4102,4.451,16.89,-4.573,1.2262,100286.22
-1.2207,-0.1689,0.1699,20.366,-9.451,-6.341,1.244,100286.35
-1.0957,-0.356,0.2114,-14.512,24.024,-2.744,1.1713,100285.69
-0.7422,-0.3374,-0.0259,-39.085,43.476,-10.305,0.8157,100285.45
-0.7349,-0.231,-0.0405,-30.122,-4.878,-13.415,0.7714,100285.29
-1.127,-0.123,-0.1318,-30.0,-44.512,-9.329,1.1413,100285.52
-1.0762,-0.0708,-0.2402,-36.524,-27.195,-15.305,1.1049,100286.31
-0.8477,-0.0928,-0.2368,-33.415,-3.598,-14.451,0.885,100286.4
-0.8516,-0.1943,-0.1743,-26.159,-5.61,-7.866,0.8907,100286.25
-0.9717,-0.2778,-0.083,-24.817,-11.402,-3.72,1.014,100285.89
-0.9683,-0.2886,-0.1294,-34.329,-6.341,-5.488,1.0186,100285.98
-0.9385,-0.2432,-0.229,-39.756,1.402,-7.012,0.9961,100285.82
-0.8916,-0.1777,-0.2412,-36.524,8.354,-4.817,0.9406,100287.17
-0.8809,-0.1343,-0.2627,-33.598,11.341,1.829,0.929,100287.05
-0.9746,-0.1519,-0.3008,-27.866,3.72,6.524,1.0312,100286.73
-1.0649,-0.1841,-0.3247,-14.878,-4.512,4.451,1.1285,100286.84
-1.0723,-0.1602,-0.4512,0.305,-5.183,1.22,1.1743,100287.15
-1.0552,-0.1157,-0.5352,21.707,1.28,-0.305,1.1888,100287.9
-1.1196,-0.1299,-0.3208,44.024,5.549,-1.524,1.1719,100287.56
-1.1992,-0.1968,0.1655,45.366,-12.439,-3.354,1.2265,100287.33
-1.0996,-0.1392,0.0889,11.402,-9.146,-8.841,1.1119,100287.04
-0.8188,0.0977,0.0933,4.817,-17.927,-8.049,0.8299,100286.81
-0.9897,0.2969,-0.0601,2.988,11.585,25.549,1.0351,100286.67
-1.1196,0.1797,-0.3457,21.463,8.598,23.476,1.1855,100286.3
-0.9365,0.0078,-0.0132,67.683,-15.366,8.293,0.9366,100285.63
-0.8369,-0.0142,-0.1299,67.683,1.585,13.293,0.8471,100285.65
-0.8677,-0.0107,-0.3345,70.0,9.817,18.354,0.93,100285.64
-1.0601,-0.0801,-0.0781,81.28,2.256,21.037,1.0659,100286.27
-1.0571,-0.1616,-0.0181,60.488,14.695,13.11,1.0696,100286.98
-0.9785,-0.0947,-0.1943,38.293,26.341,5.183,1.0021,100285.3
-0.9419,0.0269,-0.2632,28.354,28.659,2.195,0.9783,100285.13
-0.9419,0.0732,-0.2871,16.707,27.073,5.366,0.9874,100285.74
-0.9883,0.1152,-0.3242,8.78,25.793,9.39,1.0465,100286.06
-1.0176,0.1357,-0.4277,8.049,19.634,9.451,1.1121,100286.21
-0.9976,0.1279,-0.5161,19.085,24.146,12.195,1.1304,100285.72
-0.9741,0.1069,-0.5884,38.902,34.634,12.927,1.143,100285.58
-1.1978,0.041,-0.2163,64.512,0.427,12.805,1.2178,100285.46
-1.2866,-0.146,0.2559,49.329,1.28,15.122,1.3199,100285.75
-0.7988,-0.2188,-0.0977,12.012,42.805,1.585,0.834,100285.59
-0.6436,-0.1519,-0.2212,28.537,-14.573,-6.098,0.6972,100285.61
-1.082,-0.0737,-0.1245,34.329,-53.72,9.512,1.0917,100286.73
-1.2456,-0.0645,-0.1704,9.817,-32.439,13.11,1.2589,100286.33
-0.9712,-0.064,-0.2305,0.61,-4.573,3.78,1.0002,100285.54
-0.7388,-0.0405,-0.1895,11.098,-1.646,-1.159,0.7638,100285.22
-0.8145,-0.0972,-0.1821,13.598,-9.024,4.817,0.8402,100284.73
-0.9653,-0.1553,-0.2432,9.451,-10.427,6.585,1.0075,100285.28
-1.0078,-0.1548,-0.2163,7.073,-7.805,2.805,1.0423,100285.25
-0.9248,-0.1152,-0.2866,-2.012,9.024,3.232,0.975,100285.46
-0.9546,-0.062,-0.3779,-3.232,14.634,9.512,1.0286,100286.24
-1.0532,-0.0508,-0.3394,0.305,10.0,12.256,1.1077,100286.08
-0.9995,-0.0449,-0.3965,0.427,10.305,12.378,1.0762,100285.73
-1.0156,-0.0205,-0.4897,8.598,8.476,18.476,1.1277,100286.66
-1.2646,-0.0737,-0.3936,24.085,-3.354,18.841,1.3265,100285.17
-1.4277,-0.2495,0.229,26.646,-17.012,9.695,1.4674,100284.77
-0.8486,-0.2915,0.2144,-17.561,22.012,-10.122,0.9226,100284.12
-0.5581,-0.1865,-0.0459,-38.11,-9.634,-17.195,0.5902,100285.1
-1.1968,-0.1504,-0.186,-44.085,-34.39,-9.085,1.2205,100284.12
-1.3613,-0.1758,-0.0415,-50.183,-20.366,-21.341,1.3733,100283.84
-0.8042,-0.0591,-0.0562,-70.427,2.439,-32.073,0.8083,100284.02
-0.7202,0.0156,-0.1367,-89.634,11.646,-16.402,0.7332,100284.16
-0.981,-0.0366,-0.1943,-99.207,9.268,-2.256,1.0007,100283.27
-1.0464,-0.0942,-0.1631,-98.293,-2.012,-6.707,1.0632,100284.34
-0.938,-0.1045,-0.1567,-102.317,-2.622,-13.415,0.9567,100284.62
-0.9146,-0.0977,-0.1763,-110.854,1.524,-14.512,0.9365,100285.33
-0.9502,-0.0625,-0.1377,-122.378,-10.061,-19.207,0.9622,100285.64
-0.9805,0.0308,-0.2783,-135.854,-13.78,-18.537,1.0197,100285.01
-1.1465,0.061,-0.3901,-129.024,-1.037,-11.524,1.2126,100285.39
-1.0732,0.0283,-0.4058,-109.756,8.537,-19.512,1.1477,100284.92
-0.9077,-0.0015,-0.4277,-93.11,21.829,-23.293,1.0034,100285.2
-1.0117,-0.084,-0.3208,-84.39,17.866,-24.512,1.0647,100285.52
-1.2812,-0.291,0.1748,-87.866,-26.829,-26.768,1.3255,100285.63
-1.2139,-0.3721,0.3057,-128.598,4.878,-27.073,1.3059,100284.77
-0.7168,-0.2764,-0.1528,-155.488,20.976,-52.378,0.7833,100284.34
-0.8276,-0.1626,-0.0962,-133.293,-20.732,-47.561,0.8489,100284.05
-1.1665,-0.1357,0.1084,-143.049,-38.476,-36.22,1.1794,100284.07
-1.0747,-0.1548,-0.1123,-168.354,-33.963,-42.988,1.0916,100283.46
-0.8857,-0.0991,-0.1851,-158.293,-29.756,-42.866,0.9103,100283.28
-0.8691,-0.1035,-0.1372,-146.402,-35.488,-33.415,0.886,100283.98
-0.9756,-0.1406,-0.1934,-145.427,-29.329,-22.012,1.0045,100284.29
-0.978,-0.1367,-0.2026,-135.732,-26.098,-17.5,1.0081,100283.9
-0.9595,-0.1421,-0.2715,-122.561,-15.427,-11.463,1.0072,100284.21
-0.9932,-0.1025,-0.2856,-87.988,-7.439,-2.622,1.0385,100284.09
-1.1025,-0.1279,-0.2764,-82.988,-3.841,2.317,1.1438,100284.09
-1.1333,-0.1284,-0.3042,-66.829,-11.463,1.098,1.1804,100283.74
-1.0586,0.0176,-0.3496,-38.415,-18.963,-1.22,1.115,100283.81
-0.9199,-0.022,-0.2144,-18.78,-5.427,-3.598,0.9448,100284.12
-1.0254,-0.2554,0.2549,-11.463,-1.707,1.646,1.087,100283.88
-0.958,-0.2803,0.1392,-27.683,6.28,-3.659,1.0078,100284.18
-1.0601,-0.1831,-0.2607,-22.317,-26.28,-15.61,1.1069,100283.67
-1.1909,-0.1025,-0.0225,-8.598,-40.183,-21.89,1.1955,100283.89
-0.9517,-0.0796,-0.0596,-38.902,-12.256,-20.732,0.9568,100283.8
-0.8784,-0.083,-0.0933,-61.646,18.598,-9.268,0.8872,100283.62
-0.9346,-0.0762,-0.0518,-70.183,16.646,-4.878,0.9391,100284.43
-0.9014,-0.0547,-0.1616,-76.768,-0.488,-7.744,0.9174,100284.45
-0.9839,-0.0234,-0.2861,-74.451,9.024,-5.0,1.0249,100283.75
-1.0049,0.0044,-0.2861,-61.402,22.805,-6.524,1.0448,100283.7
-0.9766,0.0059,-0.2749,-47.073,26.524,-6.341,1.0145,100284.27
-1.0342,0.0381,-0.439,-31.402,24.817,-4.268,1.1241,100284.06
-1.2368,0.0332,-0.4097,4.329,16.463,-5.244,1.3033,100284.67
-1.3081,-0.0801,-0.0718,32.805,-7.195,-7.744,1.3125,100284.13
-0.9531,-0.0874,-0.3364,34.939,40.671,-5.549,1.0145,100283.96
-0.7603,-0.1177,-0.0068,70.244,46.341,3.171,0.7693,100283.84
-0.7788,-0.2144,0.1733,76.037,17.805,10.549,0.8262,100284.49
-0.9878,-0.2246,-0.1792,71.22,-13.354,13.963,1.0287,100285.23
-1.21,-0.2061,-0.2769,96.646,-16.402,12.683,1.2582,100284.7
-1.0137,-0.1992,-0.0435,117.744,5.732,4.512,1.034,100284.87
-0.8096,-0.2236,-0.0044,110.305,9.634,4.329,0.8399,100285.38
-0.8774,-0.2168,-0.1162,101.463,6.463,13.963,0.9113,100284.8
-0.9521,-0.1958,-0.1294,107.561,-1.585,19.207,0.9806,100284.96
-0.9614,-0.2651,-0.0596,117.134,-6.402,20.488,0.9991,100284.69
-0.9326,-0.3735,-0.0024,121.646,-0.549,23.11,1.0046,100285.12
-0.9146,-0.439,0.0034,122.744,-5.061,24.146,1.0144,100284.09
-0.9507,-0.4253,-0.0107,122.134,-8.415,18.537,1.0415,100283.83
-0.9067,-0.2925,-0.0688,124.268,-9.146,11.341,0.9552,100283.48
-0.9014,-0.1733,-0.0039,129.024,-16.098,9.512,0.9179,100283.1
-1.125,-0.1729,0.2056,117.805,-16.585,19.695,1.1566,100282.81
-1.2847,-0.1797,0.3086,87.5,-19.756,28.232,1.3334,100282.23
-1.0693,-0.0317,0.0322,51.951,-24.085,24.817,1.0703,100282.5
-0.7739,0.0562,-0.2041,43.902,-20.427,24.329,0.8024,100283.08
-0.8711,0.0156,-0.0581,55.854,-6.524,37.561,0.8732,100282.16
-1.0664,-0.0859,0.0479,54.573,-7.622,41.585,1.0709,100282.54
-1.064,-0.1812,-0.0205,48.537,4.329,35.0,1.0795,100282.84
-0.9209,-0.1914,0.1201,51.341,11.159,26.768,0.9482,100282.96
-0.7412,-0.1841,0.1416,37.195,13.537,22.866,0.7767,100283.16
-0.6592,-0.168,-0.1074,29.329,25.854,35.793,0.6887,100282.69
-0.8394,-0.0889,0.1729,53.537,9.329,41.585,0.8616,100282.42
-0.8564,-0.0654,0.1948,39.024,-0.915,24.512,0.8808,100282.62
-0.8022,-0.103,0.064,16.646,9.573,12.439,0.8114,100283.14
-0.7329,-0.0688,0.0898,10.244,26.646,12.805,0.7416,100283.15
-0.5732,0.0923,0.188,8.171,24.512,29.878,0.6103,100283.8
-0.3047,0.1963,0.105,-2.622,4.146,50.183,0.3773,100284.01
0.1719,0.4448,-0.4727,4.939,16.951,84.39,0.6714,100284.31
0.1826,0.7168,-0.4175,52.5,61.22,149.817,0.8494,100284.3
-0.7778,0.6338,0.0322,75.854,85.854,175.793,1.0039,100282.95
-1.6538,0.6084,0.5781,56.341,26.585,127.195,1.8546,100283.26
-0.5239,0.7002,-0.4785,-14.573,-52.561,88.902,0.9969,100284.6
-1.7588,2.4121,-1.9004,-18.902,98.232,304.939,3.5388,100289.09
-1.2627,2.5942,-0.5952,73.049,99.756,286.402,2.946,100291.05
-0.856,2.1777,-1.4341,13.232,237.378,251.037,2.7444,100292.42
0.8018,1.0762,-0.4521,97.805,1.037,112.256,1.4161,100292.48
0.6133,0.1494,-0.2334,81.768,6.89,104.024,0.673,100291.55
-0.21,-0.1235,-0.0503,48.78,42.927,84.817,0.2487,100291.72
0.4692,0.1895,0.0825,13.659,7.866,4.268,0.5127,100291.23
0.5254,0.4395,-0.061,-56.341,11.22,13.232,0.6877,100290.85
0.2158,0.6143,-0.2041,-84.451,15.0,25.427,0.6823,100290.81
0.1733,0.8452,-0.4482,-62.439,-12.134,-10.976,0.9723,100291.27
0.0894,0.9512,-0.3701,-7.073,-42.134,-50.061,1.0245,100290.27
0.2632,1.0547,-0.4756,37.744,-46.89,-72.622,1.1865,100290.13
0.168,0.8604,-0.3711,59.085,-27.805,-47.988,0.9519,100290.26
-0.0171,0.7251,-0.4561,45.976,-5.854,-31.524,0.8568,100289.37
-0.0083,0.7734,-0.626,31.89,0.488,-51.585,0.995,100289.66
-0.0688,0.8896,-0.6816,24.695,-22.561,-68.415,1.1229,100289.51
-0.2393,0.8735,-0.6865,0.244,-34.878,-64.817,1.1365,100289.9
-0.2925,0.8164,-0.6455,-31.159,-32.256,-53.598,1.0811,100289.55
-0.2817,0.8008,-0.6206,-47.5,3.415,-27.5,1.0516,100289.68
-0.2896,0.9053,-0.7188,-50.732,14.268,-12.805,1.1916,100289.76
-0.1924,0.8511,-0.251,-46.402,15.0,-6.28,0.9079,100289.58
-0.1597,0.8389,-0.2349,-70.0,11.524,-0.488,0.8856,100289.44
-0.1553,0.8682,-0.0845,-82.256,-1.098,-0.366,0.886,100289.24
-0.2466,0.9858,-0.1431,-79.146,-29.451,-6.951,1.0262,100289.55
-0.6431,1.021,-0.4023,-43.902,-62.683,-2.805,1.2719,100289.05
-0.6338,0.8145,-0.1143,-15.305,-16.159,2.317,1.0383,100289.89
-0.2319,0.7466,0.0234,-9.756,23.049,12.317,0.7821,100288.93
-0.0571,0.8779,-0.0469,-7.866,43.902,36.89,0.881,100289.54
-0.0679,1.0181,-0.2017,1.646,47.622,54.268,1.0401,100289.9
-0.0903,1.0483,-0.2949,15.183,25.122,48.598,1.0928,100289.91
