ax,ay,az,gx,gy,gz,avm,pressure
-0.835,-0.0791,-0.5225,31.098,-37.195,7.195,0.9881,100290.74
-0.8618,-0.1577,-0.3999,69.695,36.524,-1.402,0.9631,100289.8
-0.8608,-0.1611,-0.332,56.524,33.232,5.427,0.9366,100288.87
-0.9097,-0.1064,-0.354,30.122,16.22,8.415,0.9819,100288.91
-0.8584,-0.1284,-0.479,21.585,24.146,5.0,0.9914,100288.95
-0.8525,-0.207,-0.5635,25.427,34.146,9.268,1.0427,100289.45
-0.9312,-0.2544,-0.6436,29.085,28.354,21.28,1.1601,100289.34
-1.0029,-0.2466,-0.7104,29.268,13.537,25.122,1.2536,100288.87
-0.853,-0.1543,-0.7095,37.439,12.805,20.427,1.1202,100289.76
-1.0127,-0.104,-0.6274,53.11,15.183,28.11,1.1958,100289.2
-1.1646,-0.0977,-0.0225,80.61,10.793,33.537,1.1689,100288.77
-0.9492,-0.0752,0.1396,42.134,19.024,15.122,0.9624,100288.95
-0.8848,-0.1382,-0.5347,-21.22,9.085,3.902,1.043,100288.95
-0.9707,-0.1187,-0.6914,8.659,-30.671,21.402,1.1977,100289.58
-0.9609,-0.0981,-0.373,50.61,-3.902,29.512,1.0355,100289.31
-0.7275,-0.1797,-0.3247,38.293,38.293,17.073,0.8167,100288.74
-0.6807,-0.1831,-0.4272,22.012,34.268,15.549,0.8242,100288.69
-0.8379,-0.144,-0.4604,17.744,12.744,12.134,0.9669,100287.82
-0.8892,-0.1509,-0.4243,15.366,2.622,-5.305,0.9967,100288.23
-0.8501,-0.1543,-0.4497,-0.854,4.451,-18.415,0.974,100287.33
-0.8428,-0.144,-0.5723,-25.427,22.866,-22.012,1.0288,100287.74
-0.8579,-0.1318,-0.5796,-39.329,29.268,-27.378,1.0437,100287.68
-0.915,-0.1304,-0.5664,-58.415,23.963,-34.939,1.084,100288.02
-0.8379,-0.1846,-0.7461,-80.671,12.927,-49.695,1.137,100287.17
-0.7808,-0.1021,-0.8955,-34.573,-17.439,-29.329,1.1925,100288.3
-1.1006,-0.1782,-0.3779,-9.085,-37.134,-6.707,1.1772,100288.59
-0.9536,-0.2212,-0.0918,-23.293,15.366,-6.22,0.9832,100287.97
-0.6865,-0.3154,-0.2646,-45.854,32.805,-13.598,0.8005,100287.86
-0.9478,-0.2729,-0.4839,-53.78,-24.085,-9.207,1.0986,100287.9
-1.0898,-0.2046,-0.4565,-56.646,-73.415,-26.463,1.1992,100288.67
-0.9385,-0.168,-0.4585,-70.0,-67.134,-44.695,1.0579,100288.86
-0.7446,-0.1279,-0.4458,-67.073,-26.402,-43.598,0.8773,100288.52
-0.7383,-0.103,-0.4116,-61.829,-11.524,-34.024,0.8515,100288.98
-0.8516,-0.1426,-0.3755,-58.171,-12.073,-30.671,0.9415,100288.87
-0.8706,-0.1733,-0.4404,-58.476,-15.366,-30.732,0.9909,100288.77
-0.8525,-0.2051,-0.5894,-55.244,-13.11,-22.683,1.0565,100288.21
-0.8516,-0.2241,-0.6177,-42.866,-0.671,-15.122,1.0756,100287.79
-0.8545,-0.2363,-0.5977,-37.5,10.976,-13.171,1.0692,100287.86
-0.8735,-0.2412,-0.6079,-38.049,23.78,-12.744,1.0912,100288.13
-0.8804,-0.2061,-0.7031,-42.134,22.439,-13.049,1.1454,100288.59
-0.8149,-0.1475,-0.6895,-39.512,14.39,-15.793,1.0776,100288.07
-0.877,-0.1704,-0.6548,-40.0,13.354,-14.024,1.1076,100287.56
-1.1763,-0.2754,-0.4194,-34.085,-5.793,-5.366,1.2788,100288.28
-0.9531,-0.123,-0.2705,-42.256,-0.915,-6.585,0.9984,100288.57
-0.6094,-0.1494,-0.3965,-55.183,7.256,-20.183,0.7422,100289.28
-0.9824,-0.2759,-0.5059,-50.732,3.415,-17.317,1.1389,100289.59
-1.3975,-0.2285,-0.373,-45.122,2.439,-12.927,1.4643,100289.3
-0.6157,-0.144,-0.3989,-64.817,5.61,-60.183,0.7477,100288.09
-0.7354,-0.0942,-0.3359,-74.634,0.427,-55.366,0.8139,100288.06
-0.9204,-0.1284,-0.3823,-96.037,-5.0,-57.805,1.0049,100288.29
-0.9854,-0.1465,-0.4111,-105.793,-22.683,-63.841,1.0777,100287.98
-0.9517,-0.1245,-0.4751,-116.585,-32.561,-67.622,1.0709,100287.01
-0.9419,-0.0938,-0.5376,-124.573,-27.195,-69.207,1.0886,100288.01
-1.019,-0.0557,-0.5088,-127.866,-20.366,-73.902,1.1404,100287.16
-0.9614,-0.0205,-0.4629,-135.488,-2.866,-88.963,1.0673,100287.38
-0.7998,0.0005,-0.5049,-141.098,9.329,-96.89,0.9458,100287.69
-0.7578,0.0142,-0.5093,-136.768,-7.866,-87.744,0.9132,100287.17
-0.7896,-0.0146,-0.5,-127.988,-15.244,-81.402,0.9347,100286.54
-0.7827,-0.063,-0.5161,-123.78,-12.317,-77.073,0.9397,100286.3
-0.8027,-0.0791,-0.5679,-117.622,-9.207,-69.329,0.9865,100287.49
-0.9175,-0.1802,-0.5615,-105.305,-10.061,-64.451,1.0907,100288.21
-1.1836,-0.2778,-0.291,-92.439,-2.378,-53.293,1.2501,100288.09
-1.062,-0.2446,-0.1807,-97.073,25.427,-70.122,1.1047,100287.51
-0.6284,-0.2471,-0.5303,-128.354,-14.39,-93.78,0.8586,100288.41
-0.8574,-0.2104,-0.7437,-120.122,-59.756,-69.207,1.1543,100287.49
-1.061,-0.2222,-0.4521,-88.049,-45.671,-65.305,1.1746,100287.05
-0.8701,-0.2451,-0.3398,-94.146,-21.402,-74.207,0.9658,100286.6
-0.7271,-0.2183,-0.438,-109.085,-26.463,-66.524,0.8764,100287.4
-0.8154,-0.2085,-0.4785,-110.183,-35.915,-56.037,0.9682,100286.63
-0.9209,-0.2129,-0.5015,-108.78,-28.476,-55.427,1.07,100287.4
-0.8765,-0.2178,-0.5225,-106.28,-17.317,-59.146,1.0434,100287.48
-0.8169,-0.1997,-0.5483,-100.732,-6.159,-55.183,1.0039,100287.92
-0.7573,-0.2036,-0.626,-90.122,-0.427,-47.866,1.0034,100288.35
-0.7993,-0.2012,-0.6421,-74.085,-2.317,-35.244,1.0448,100288.8
-0.8599,-0.2222,-0.6377,-64.39,-5.0,-25.366,1.0933,100288.64
-0.8223,-0.2305,-0.7085,-54.878,-9.085,-18.476,1.1096,100288.13
-0.7515,-0.1807,-0.8169,-36.829,-8.72,-7.073,1.1246,100288.12
-0.9878,-0.1724,-0.7456,-7.378,-7.073,9.573,1.2495,100287.5
-1.2212,-0.1782,-0.2183,13.049,-13.049,7.805,1.2533,100287.89
-1.0054,-0.1504,-0.1733,-9.207,-9.878,-11.89,1.0312,100287.92
-0.8735,-0.0991,-0.2866,-21.768,-9.634,-14.634,0.9247,100288.31
-0.918,-0.0137,-0.4585,-24.024,-0.427,-6.951,1.0262,100288.25
-1.0264,-0.0156,-0.5,-10.061,-1.585,1.585,1.1418,100288.55
-0.9985,-0.0063,-0.3003,4.634,1.829,-0.305,1.0427,100289.03
-0.7129,-0.0576,-0.3438,-7.622,7.744,-13.902,0.7935,100288.9
-0.6401,-0.0664,-0.5278,-16.402,4.268,-4.573,0.8323,100288.69
-0.8223,-0.0098,-0.5742,-6.768,-1.768,9.39,1.003,100288.13
-0.915,-0.0503,-0.5718,-2.256,4.939,5.244,1.0802,100288.22
-0.8613,-0.1157,-0.5513,-2.134,27.561,-3.171,1.0292,100288.65
-0.8047,-0.1294,-0.5396,-4.573,43.354,-4.756,0.9774,100288.48
-0.8081,-0.1177,-0.5952,-13.11,45.671,-7.134,1.0105,100288.12
-0.8101,-0.1348,-0.6504,-20.305,41.89,-15.427,1.0476,100288.45
-0.8184,-0.1211,-0.7539,-24.939,38.537,-20.732,1.1193,100288.32
-0.8032,-0.0923,-0.8589,-20.366,35.61,-21.402,1.1796,100287.61
-0.7373,-0.0771,-0.9683,-5.244,26.829,-19.207,1.2195,100287.55
-0.8096,-0.0869,-0.916,23.659,3.11,-7.683,1.2256,100287.3
-1.2354,-0.0742,-0.4238,47.866,4.39,7.073,1.3081,100287.82
-0.8506,-0.0532,-0.25,24.268,40.549,-15.122,0.8882,100287.48
-0.3921,-0.2051,-0.4224,3.11,18.659,-16.402,0.6117,100286.97
-0.853,-0.1899,-0.4829,10.671,-15.854,30.366,0.9985,100286.96
-1.1992,-0.1216,-0.6045,10.549,-40.976,28.537,1.3485,100286.85
-0.6006,-0.0801,-0.5703,33.049,-12.866,-0.305,0.8321,100286.99
-0.6431,-0.0938,-0.4961,32.744,5.976,17.988,0.8176,100287.73
-0.7695,-0.2002,-0.4961,25.488,4.939,21.951,0.9372,100287.66
-0.7871,-0.2427,-0.5381,18.598,3.232,20.305,0.9839,100287.01
-0.7524,-0.2319,-0.6104,14.573,4.756,20.122,0.9962,100286.28
-0.7563,-0.2036,-0.6514,12.561,9.451,19.268,1.0187,100286.72
-0.7876,-0.2183,-0.6982,6.829,21.463,15.183,1.0749,100287.18
-0.7842,-0.2817,-0.7593,2.622,28.232,13.78,1.1273,100287.39
-0.7666,-0.2905,-0.8403,6.951,20.976,21.524,1.174,100287.3
-0.729,-0.2104,-0.8584,21.768,4.146,28.963,1.1457,100286.88
-0.7812,-0.1299,-0.8208,37.195,-0.427,34.329,1.1406,100287.39
-1.1753,-0.126,-0.5303,46.341,6.707,38.78,1.2955,100287.66
-1.0459,-0.1235,-0.2822,38.902,37.073,19.268,1.0903,100287.86
-0.6973,-0.0767,-0.3516,16.768,23.659,-0.122,0.7846,100287.77
-0.8701,-0.082,-0.7544,2.378,-26.037,10.244,1.1545,100288.05
-0.9902,-0.125,-0.6143,34.939,-20.061,17.744,1.172,100287.68
-0.7554,-0.1445,-0.4663,39.024,-10.732,3.476,0.8994,100288.23
-0.5562,-0.1699,-0.4819,22.195,-11.159,-8.476,0.7553,100288.42
-0.6821,-0.1553,-0.5361,4.39,-5.427,-3.293,0.8814,100287.67
-0.8496,-0.1392,-0.5513,-11.707,-6.707,-8.049,1.0223,100287.75
-0.7354,-0.1416,-0.5933,-22.561,-3.841,-25.549,0.9554,100287.92
-0.6899,-0.1343,-0.6729,-30.305,3.354,-24.39,0.973,100288.28
-0.7627,-0.1392,-0.7109,-30.549,12.256,-18.659,1.0519,100287.58
-0.8149,-0.167,-0.6992,-27.622,14.878,-19.695,1.0867,100288.04
-0.8306,-0.1909,-0.7617,-28.171,7.195,-22.317,1.143,100288.26
-0.7915,-0.1533,-0.8921,-22.744,-4.024,-22.073,1.2024,100288.54
-0.6587,-0.0728,-0.9458,-7.134,-3.659,-15.244,1.1549,100288.61
-0.6748,-0.0776,-1.0088,13.049,2.683,2.744,1.2162,100288.44
-1.1196,-0.1074,-0.5503,46.463,-4.329,26.28,1.2522,100287.45
-1.1362,-0.0908,-0.2017,33.841,19.817,23.415,1.1576,100286.8
-0.5859,-0.2231,-0.3687,11.707,40.061,13.171,0.7273,100287.44
-0.7466,-0.2471,-0.5259,22.622,1.951,46.28,0.946,100287.55
-1.0742,-0.1602,-0.5503,33.476,-22.683,49.878,1.2175,100288.12
-0.918,-0.1924,-0.5605,34.085,-15.976,17.378,1.0927,100288.7
-0.688,-0.1641,-0.5415,39.329,9.573,11.951,0.8908,100288.99
-0.7036,-0.1084,-0.563,42.622,19.573,29.329,0.9076,100288.97
-0.8027,-0.1382,-0.541,48.354,17.012,39.939,0.9778,100288.59
-0.7803,-0.1748,-0.5103,52.927,23.049,45.366,0.9485,100288.05
-0.7417,-0.1978,-0.5908,56.524,19.695,52.134,0.9687,100287.66
-0.8169,-0.1934,-0.6626,61.951,8.11,58.293,1.0695,100287.02
-0.8506,-0.1816,-0.6494,67.073,14.695,57.073,1.0855,100286.77
-0.7754,-0.1865,-0.6587,70.427,23.841,57.378,1.0344,100286.7
-0.7373,-0.21,-0.6602,78.963,28.11,69.024,1.0117,100287.27
-0.7607,-0.2554,-0.6226,90.854,31.22,85.183,1.0156,100286.95
-0.7661,-0.2666,-0.6255,102.866,37.683,99.817,1.0243,100287.08
-0.8359,-0.2271,-0.5371,124.207,34.329,111.341,1.0192,100287.55
-1.0845,-0.0845,-0.4692,128.598,-3.476,115.854,1.1847,100287.13
-1.187,0.0352,-0.623,116.22,-35.122,91.402,1.3411,100287.33
-1.0811,0.1196,-0.5566,118.902,-29.695,63.963,1.2218,100287.6
-0.7773,0.209,-0.4683,102.256,-10.854,51.28,0.9312,100287.7
-0.5796,0.1431,-0.5571,77.683,5.976,54.268,0.8166,100287.73
-0.7646,0.0547,-0.6182,85.549,19.756,84.512,0.9848,100287.12
-0.9438,-0.0142,-0.5034,107.683,21.159,97.988,1.0698,100287.2
-0.8379,-0.085,-0.5371,109.451,16.037,93.659,0.9989,100287.0
-0.792,-0.0259,-0.6294,113.11,14.39,101.28,1.012,100286.48
-0.8555,0.062,-0.6016,122.988,16.707,102.561,1.0476,100286.09
-0.9458,0.0137,-0.5801,119.634,26.341,87.012,1.1096,100286.42
-0.9331,-0.0659,-0.6045,112.073,42.805,58.476,1.1138,100287.05
-0.8066,-0.0977,-0.543,112.195,44.756,38.72,0.9773,100287.4
-0.644,-0.0669,-0.5801,95.366,36.585,49.451,0.8693,100286.95
-0.6948,0.04,-0.6992,79.268,24.695,68.049,0.9866,100287.59
-0.7275,0.0342,-0.6958,75.976,15.732,72.988,1.0073,100287.59
-0.7744,-0.0063,-0.7329,65.427,25.854,83.11,1.0663,100287.57
-0.8188,0.0825,-0.8809,69.695,63.659,87.744,1.2055,100287.56
-0.6235,0.0601,-0.7451,94.024,50.305,65.976,0.9734,100288.17
-0.75,0.0488,-0.6372,89.024,-26.524,68.659,0.9854,100288.66
-1.0449,-0.0347,-0.563,72.317,-59.024,65.549,1.1874,100288.53
-0.6846,-0.0664,-0.7666,59.573,-47.256,42.866,1.0299,100288.56
-0.7104,-0.0864,-0.5879,74.695,-21.341,48.476,0.9262,100289.32
-0.9312,-0.1802,-0.2749,67.134,10.976,52.073,0.9875,100289.14
-0.9854,-0.3018,-0.6099,22.439,-15.244,28.415,1.1975,100289.04
-0.8223,-0.1709,-0.5747,31.463,-45.427,18.11,1.0177,100289.33
-0.6855,-0.1143,-0.5225,33.354,-39.085,7.561,0.8695,100288.89
-0.7349,-0.1187,-0.5317,28.354,-16.098,3.78,0.9148,100289.46
-0.7939,-0.168,-0.5815,17.012,-15.976,2.744,0.9984,100289.96
-0.8081,-0.1953,-0.6299,14.878,-22.805,9.146,1.043,100289.4
-0.8511,-0.1782,-0.5796,13.171,-25.488,19.756,1.045,100289.48
-0.8438,-0.1733,-0.502,12.012,-21.402,18.902,0.997,100289.26
-0.8682,-0.187,-0.5396,9.329,-17.5,13.293,1.0391,100289.11
-0.9736,-0.1953,-0.6685,0.366,-15.427,16.89,1.1971,100289.14
-0.9795,-0.1436,-0.7505,3.415,-21.098,19.268,1.2423,100289.38
-0.915,-0.02,-0.7183,26.829,-9.695,20.366,1.1634,100290.16
-1.0962,-0.0576,-0.4141,43.72,-5.915,28.354,1.1732,100289.03
-1.1514,-0.04,-0.1733,41.037,10.488,35.305,1.165,100289.4
-0.9336,-0.0176,-0.0063,35.732,28.72,17.927,0.9338,100289.67
-0.8569,-0.0513,-0.292,6.768,17.317,-3.354,0.9068,100290.62
-0.9922,-0.0581,-0.6255,18.232,-5.671,-2.134,1.1743,100290.31
-0.9194,-0.064,-0.3301,57.561,-22.012,3.415,0.979,100290.34
-0.7964,-0.0742,-0.272,38.902,-15.305,-1.098,0.8448,100289.74
-0.6514,-0.1377,-0.4434,15.305,4.268,-10.122,0.7999,100289.52
-0.7896,-0.0972,-0.4688,14.329,-10.61,5.366,0.9233,100290.11
-0.9219,-0.062,-0.4253,10.488,-12.195,6.098,1.0171,100289.67
-0.8784,-0.0522,-0.4248,-0.122,-1.159,-8.659,0.9771,100289.95
-0.9336,-0.0942,-0.5669,-18.11,13.963,-11.22,1.0963,100289.55
-0.9624,-0.1021,-0.5801,-15.061,27.622,-13.11,1.1283,100289.13
-0.9648,-0.0308,-0.52,-20.976,27.073,-15.61,1.0965,100288.82
-0.9209,-0.0156,-0.623,-44.756,34.756,-24.39,1.112,100288.7
-0.7617,-0.0112,-0.7573,-47.744,40.671,-25.915,1.0742,100288.38
-0.9292,-0.1284,-0.5957,-33.293,16.037,-4.024,1.1112,100287.73
-1.2749,-0.1431,-0.2148,-21.585,0.244,15.915,1.3008,100287.48
-1.1235,-0.1426,-0.1362,-46.402,24.146,-18.841,1.1407,100287.8
-0.7422,-0.3916,-0.394,-70.549,60.732,-55.0,0.9271,100287.88
-0.877,-0.375,-0.5303,-54.085,28.232,-12.988,1.0913,100287.7
-0.77,-0.2026,-0.3984,-32.683,-44.085,-29.878,0.8904,100287.2
-0.7441,-0.1904,-0.416,-37.561,-40.305,-31.28,0.8735,100287.7
-0.8535,-0.168,-0.4121,-45.0,-32.866,-24.085,0.9626,100287.85
-0.9316,-0.1729,-0.4663,-53.963,-19.024,-27.683,1.0561,100287.35
-0.9014,-0.2173,-0.5391,-53.659,-3.537,-36.89,1.0725,100286.84
-0.8809,-0.2578,-0.5483,-48.171,5.366,-31.768,1.0691,100286.35
-0.8647,-0.2559,-0.4868,-45.0,21.829,-23.415,1.0248,100286.97
-0.8521,-0.2324,-0.4902,-51.037,36.707,-21.951,1.0101,100287.45
-0.8838,-0.2017,-0.5972,-60.061,21.829,-24.207,1.0855,100287.69
-0.8818,-0.1904,-0.6782,-57.317,-0.976,-25.793,1.1287,100287.49
-0.7827,-0.168,-0.7466,-47.439,0.244,-19.146,1.0946,100287.73
-0.7471,-0.1753,-0.6724,-32.012,2.988,-6.585,1.0203,100288.14
-0.9111,-0.2373,-0.5132,-25.549,0.915,1.707,1.0723,100287.71
-0.9932,-0.23,-0.3892,-32.988,4.695,-3.11,1.0912,100287.98
-0.8994,-0.1396,-0.272,-44.878,22.683,-15.549,0.95,100287.84
-0.7305,-0.0488,-0.2744,-54.939,39.939,-33.293,0.7818,100288.34
-0.8252,-0.0391,-0.5405,-67.012,3.902,-29.207,0.9872,100288.21
-1.1436,0.0513,-0.7212,-65.488,-18.902,-4.39,1.3529,100287.15
-0.9668,0.0342,-0.647,-38.537,2.744,-26.707,1.1638,100287.33
-0.627,-0.0625,-0.4834,-20.488,-1.951,-43.659,0.7941,100287.59
-0.6426,-0.084,-0.5161,-24.024,-6.829,-21.646,0.8285,100287.53
-0.8145,-0.0298,-0.4883,-18.537,-13.537,-8.11,0.9501,100287.62
-0.8501,-0.0127,-0.5063,-23.232,-24.939,-10.488,0.9896,100288.05
-0.8228,-0.0903,-0.7368,-28.537,-32.378,-11.402,1.1081,100287.99
-0.9058,-0.1128,-0.6904,-4.39,-19.451,-3.72,1.1445,100288.57
-0.9609,-0.1016,-0.5693,4.39,12.622,-8.598,1.1215,100288.85
-0.8213,-0.1914,-0.6445,-5.183,14.268,-22.683,1.0614,100288.23
-0.7466,-0.2266,-0.5791,2.195,8.659,-21.768,0.9716,100287.49
-0.8115,-0.2202,-0.5181,6.341,5.488,-17.134,0.9877,100287.95
-1.0669,-0.21,-0.3315,8.963,2.317,1.646,1.1368,100288.41
-1.2388,0.0815,-0.0918,6.037,-6.585,20.061,1.2448,100287.88
-0.7817,0.0718,-0.4336,-29.512,-43.11,-15.854,0.8968,100287.61
-0.8921,-0.1768,-0.6719,-10.671,-43.293,-6.28,1.1307,100287.17
-1.0859,-0.1255,-0.457,25.732,-43.476,22.5,1.1849,100286.95
-0.873,-0.1709,-0.2886,23.902,-37.561,7.134,0.9352,100287.14
-0.6831,-0.2998,-0.3018,21.098,-3.171,-0.183,0.8047,100286.41
-0.6582,-0.2437,-0.2002,29.817,-3.415,23.354,0.7298,100286.26
-0.7925,-0.1255,-0.1846,24.756,-3.78,33.78,0.8233,100287.1
-0.7305,-0.1406,-0.1685,27.5,23.841,23.72,0.7627,100287.5
-1.0273,-0.0728,-0.0952,29.756,2.866,43.78,1.0343,100287.27
-1.2637,-0.0742,-0.0757,11.585,-20.305,41.707,1.2681,100287.36
-0.6387,-0.2856,-0.7124,-8.476,-25.549,16.098,0.9985,100287.44
-0.5381,-0.1689,-0.4492,39.39,-51.829,35.793,0.721,100287.25
-0.8809,0.1235,0.1992,30.244,-22.195,39.146,0.9115,100287.09
-0.7104,0.1909,0.1108,-46.585,15.488,0.915,0.744,100286.36
-0.3311,0.0786,-0.2979,-83.354,18.354,-8.963,0.4522,100287.05
-0.4868,0.3374,-0.9131,-61.951,-48.354,52.5,1.0884,100287.35
-0.3652,0.5996,-0.5776,35.61,-13.537,56.585,0.9092,100287.3
-0.249,0.3223,0.6807,70.427,76.037,28.415,0.7932,100287.3
-0.1201,0.1851,-0.002,-31.585,75.0,127.439,0.2206,100288.03
-1.1719,0.8857,-1.1426,-83.354,80.61,274.39,1.861,100288.34
-1.9409,0.9214,-0.731,-108.293,80.854,236.524,2.2695,100290.11
-1.7759,1.6411,-1.6465,-147.317,-6.646,158.598,2.9254,100291.97
-0.8867,2.2085,-1.2627,-110.183,-15.488,92.256,2.6941,100293.36
-0.27,2.3823,-0.8164,-83.78,143.841,167.439,2.5328,100295.41
0.4702,1.5322,-0.8916,12.5,181.159,186.646,1.8341,100296.82
0.2886,0.7168,-0.1851,98.841,10.671,147.317,0.7946,100296.19
-0.2295,0.1167,-0.2036,69.329,67.988,82.256,0.3282,100295.96
0.2544,-0.0669,-0.1021,59.329,55.183,26.463,0.2821,100295.66
0.1025,0.3184,-0.1816,24.39,-29.817,48.232,0.3806,100295.44
0.0586,0.4995,-0.3057,-23.537,4.634,26.28,0.5885,100295.02
-0.0361,0.5894,-0.2285,-51.585,33.171,-4.146,0.6331,100294.35
0.0474,0.7983,-0.2632,-66.829,29.146,-42.622,0.8419,100294.44
0.1636,1.1016,-0.4795,-58.171,0.976,-64.39,1.2125,100294.73
0.0938,1.2168,-0.3418,-35.854,-34.39,-71.646,1.2674,100294.72
-0.1265,1.1353,-0.5137,-40.122,-35.915,-71.098,1.2525,100295.55
-0.2559,1.0479,-0.5283,-33.232,-49.573,-60.122,1.2011,100295.21
-0.2524,0.9072,-0.5229,-29.39,-30.122,-39.024,1.0772,100294.79
-0.2715,0.8545,-0.5068,-32.378,-11.768,-15.366,1.0299,100295.22
-0.3271,1.0283,-0.3745,-35.488,-24.512,3.963,1.1422,100295.07
-0.2148,1.21,-0.2256,-34.024,-2.744,9.451,1.2494,100295.2
-0.0835,0.8188,-0.0264,-20.671,33.537,31.22,0.8235,100295.3
-0.5645,0.6362,0.0605,-5.854,-20.671,90.732,0.8527,100295.01
-0.6353,0.5879,-0.502,-12.5,-40.183,60.366,1.0006,100294.65
-0.2705,0.7544,-0.4795,-19.817,-40.671,-5.061,0.9339,100294.55
-0.2222,0.9497,-0.1929,1.22,-9.024,-9.146,0.9942,100294.91
-0.1289,1.0142,-0.1826,20.061,43.415,-4.634,1.0385,100295.22
-0.0234,1.0044,-0.2651,14.512,12.073,2.256,1.0391,100294.35
-0.0835,0.9629,-0.2632,14.573,4.268,10.122,1.0017,100294.04
-0.1621,0.917,-0.2231,8.415,16.89,7.134,0.9576,100293.73
-0.0903,0.9229,-0.2183,-1.28,15.61,-5.549,0.9526,100293.85
-0.0107,0.9868,-0.2808,-7.744,3.72,-6.28,1.026,100293.59
0.0146,0.939,-0.269,-7.744,5.427,-6.463,0.9769,100293.36
-0.1016,0.8994,-0.248,-3.293,4.146,0.244,0.9385,100293.34
-0.1719,0.9038,-0.2495,0.0,-6.585,-0.854,0.9532,100294.2
-0.1191,0.8823,-0.2061,-2.317,-13.659,-10.671,0.9139,100293.96
-0.1504,0.8984,-0.2251,-10.0,-11.28,-8.598,0.9383,100294.29
-0.1729,0.9248,-0.2417,-12.195,-11.22,-1.402,0.9714,100294.41
-0.2451,0.9717,-0.2275,-8.841,-11.646,7.744,1.0276,100295.21
-0.2192,0.9463,-0.2617,-7.073,0.915,-0.122,1.006,100295.59
-0.1528,0.9204,-0.2456,-1.28,-4.634,-3.293,0.9648,100294.52
-0.1689,0.9165,-0.2251,3.293,-6.707,0.183,0.9587,100294.33
-0.1724,0.8994,-0.2402,0.427,-3.78,-0.915,0.9468,100293.84
-0.1499,0.9146,-0.1958,2.683,-6.829,-1.89,0.9472,100294.2
-0.1499,0.9258,-0.2354,0.793,-8.232,-0.854,0.9669,100293.84
-0.186,0.9438,-0.2363,1.585,-0.183,3.598,0.9906,100293.59
-0.1499,0.9316,-0.2188,3.537,3.537,2.195,0.9686,100293.49
-0.1616,0.9175,-0.2393,3.232,3.78,2.5,0.9618,100293.08
-0.1655,0.9185,-0.2241,3.841,4.024,2.927,0.9598,100293.13
-0.1611,0.918,-0.2324,0.488,7.683,2.195,0.9605,100293.3
-0.1504,0.9102,-0.2397,-0.793,9.085,1.463,0.9531,100294.15
-0.147,0.9204,-0.2271,0.549,6.524,0.915,0.9593,100293.93
-0.1431,0.9126,-0.2197,1.22,0.488,-1.098,0.9495,100294.38
-0.1768,0.9282,-0.2485,1.524,-4.268,0.427,0.977,100295.09
-0.1543,0.9341,-0.2437,0.427,-1.28,1.098,0.9776,100295.27
-0.1621,0.9355,-0.2363,0.671,-1.524,3.049,0.9785,100295.53
-0.144,0.9019,-0.2363,-1.037,1.037,1.098,0.9434,100294.73
-0.1523,0.9058,-0.2422,-0.793,1.402,2.378,0.9499,100294.04
-0.1465,0.9199,-0.2393,1.341,0.366,1.524,0.9617,100293.99
-0.1465,0.9155,-0.2466,2.134,-0.793,0.671,0.9594,100294.34
-0.1567,0.9136,-0.2583,2.5,-6.037,0.61,0.9622,100295.55
-0.1758,0.9214,-0.23,2.317,-3.78,1.402,0.9658,100295.87
-0.1582,0.9258,-0.2393,-2.256,3.415,0.488,0.9692,100295.98
-0.1387,0.9238,-0.2349,-3.659,6.402,0.122,0.9632,100295.57
-0.1479,0.9219,-0.2202,-2.5,4.085,0.427,0.9593,100294.66
-0.1514,0.9155,-0.229,-1.402,-0.183,0.0,0.9558,100294.71
-0.1616,0.9331,-0.2539,3.171,-2.378,1.098,0.9804,100293.98
-0.144,0.9077,-0.2476,4.024,1.707,1.22,0.9518,100294.44
-0.1538,0.9219,-0.2344,5.366,1.707,2.073,0.9636,100293.93
-0.1558,0.916,-0.2476,3.902,1.646,1.037,0.9616,100293.53
-0.1372,0.8994,-0.2539,1.037,2.378,-0.854,0.9446,100293.62
-0.147,0.916,-0.2383,1.768,-0.854,-0.732,0.9578,100294.04
-0.165,0.918,-0.249,1.402,-1.951,-0.854,0.9654,100294.62
-0.1519,0.9155,-0.2637,0.305,2.012,-0.183,0.9648,100294.44
-0.1533,0.915,-0.2378,-0.122,2.805,1.098,0.9578,100294.3
-0.1655,0.9292,-0.2358,-2.439,3.293,1.89,0.9728,100294.33
-0.1367,0.9189,-0.2715,-3.415,4.817,2.012,0.9679,100293.51
-0.1367,0.9072,-0.2549,-2.744,2.683,1.28,0.9522,100293.98
-0.1479,0.916,-0.2373,-3.354,1.829,0.305,0.9578,100294.21
-0.1372,0.9194,-0.2397,-2.683,-0.305,0.122,0.96,100294.38
-0.1475,0.9155,-0.248,-2.317,-1.951,-0.488,0.9599,100294.49
-0.1509,0.9106,-0.2368,-2.744,-1.585,-1.22,0.953,100295.08
-0.1519,0.9229,-0.2383,-3.171,-0.366,-0.549,0.9651,100294.67
-0.1523,0.9302,-0.2446,-2.5,1.463,0.183,0.9738,100294.98
-0.1455,0.9268,-0.2349,-1.159,1.037,0.427,0.9671,100296.18
-0.1543,0.9219,-0.2329,-1.159,0.122,0.671,0.9633,100294.89
-0.1445,0.9185,-0.248,-0.976,1.22,0.549,0.9623,100295.02
-0.1489,0.9229,-0.2437,0.366,1.951,1.829,0.966,100295.16
-0.145,0.9175,-0.2319,0.61,2.561,1.28,0.9574,100295.34
-0.1465,0.9185,-0.2251,1.463,2.561,1.159,0.9569,100295.23
-0.1416,0.9253,-0.2451,1.707,0.305,0.427,0.9676,100295.54
-0.1475,0.9189,-0.2363,3.11,-0.671,0.854,0.9602,100295.38
-0.1426,0.916,-0.2432,2.927,0.671,0.732,0.9584,100295.27
-0.1377,0.9224,-0.25,2.439,0.549,0.793,0.9655,100295.3
-0.1538,0.9189,-0.2466,1.159,0.671,1.159,0.9638,100294.59
-0.1455,0.916,-0.249,1.098,4.207,1.341,0.9603,100294.55
-0.1392,0.9229,-0.2422,1.707,4.695,1.341,0.9642,100294.64
-0.1367,0.9199,-0.2393,1.402,0.305,0.793,0.9603,100294.71
-0.1455,0.9175,-0.249,1.28,-2.195,0.549,0.9617,100294.16
-0.1416,0.9155,-0.249,0.671,-0.732,0.732,0.9593,100293.48
-0.1377,0.9141,-0.2495,0.0,0.549,0.732,0.9575,100293.5
-0.1411,0.9194,-0.25,-0.061,0.122,0.549,0.9632,100293.85
-0.1328,0.9175,-0.2603,0.122,0.0,-0.061,0.9629,100294.98
-0.1406,0.9209,-0.2461,0.976,-1.341,0.183,0.9635,100294.11
-0.1455,0.9111,-0.2544,-0.305,-1.585,-0.488,0.9571,100293.96
-0.1489,0.915,-0.248,-0.732,2.439,-0.366,0.9597,100293.71
-0.1479,0.9258,-0.2476,0.732,5.732,-0.183,0.9697,100294.52
-0.1396,0.918,-0.25,1.646,6.28,-0.549,0.9616,100294.49
-0.1367,0.917,-0.2505,0.793,3.598,0.488,0.9604,100294.13
-0.1343,0.917,-0.25,1.707,0.122,1.159,0.9599,100294.57
-0.1431,0.9248,-0.2593,3.171,-3.476,1.524,0.9711,100294.8
-0.1484,0.9233,-0.2539,3.11,-1.524,1.341,0.9691,100295.34
-0.1401,0.9067,-0.2656,1.28,1.402,-0.305,0.9552,100295.23
-0.1294,0.8999,-0.2627,-0.122,0.0,-0.61,0.9463,100295.91
-0.1387,0.9238,-0.2646,0.061,-1.28,0.671,0.9709,100295.44
-0.1382,0.9214,-0.2729,0.732,0.305,0.61,0.9708,100295.34
-0.1318,0.9033,-0.2642,2.073,1.829,0.0,0.9503,100295.48
-0.1479,0.9199,-0.2554,4.512,2.561,1.037,0.9661,100296.96
-0.1367,0.915,-0.2632,2.988,0.305,0.0,0.9619,100296.84
-0.1362,0.9028,-0.2759,0.61,-2.378,-0.427,0.9538,100296.76
-0.146,0.9111,-0.2632,0.183,-3.049,0.61,0.9596,100296.46
-0.1401,0.9175,-0.2729,-0.183,-1.341,1.037,0.9674,100295.12
-0.1416,0.9194,-0.2583,0.427,0.549,1.463,0.9655,100295.2
-0.1475,0.917,-0.2612,-0.427,5.305,1.768,0.9648,100295.76
-0.1357,0.9214,-0.2676,-1.402,7.195,1.341,0.969,100295.3
-0.1187,0.916,-0.2676,-1.524,0.305,-0.366,0.9616,100294.99
-0.1377,0.917,-0.2739,0.61,-3.11,-0.549,0.9669,100295.85
-0.1421,0.9131,-0.2754,1.951,-2.805,-0.549,0.9642,100295.52
-0.1357,0.9121,-0.2754,3.11,-1.22,0.0,0.9624,100296.13
-0.1357,0.918,-0.2798,4.512,-2.012,1.22,0.9692,100296.59
-0.1416,0.9077,-0.2612,5.732,-1.28,1.829,0.9551,100295.35
-0.1411,0.9004,-0.269,4.451,-1.829,0.244,0.9503,100295.52
-0.1401,0.9009,-0.2876,2.439,-2.622,0.183,0.956,100296.23
-0.1421,0.9136,-0.2822,1.341,-0.488,0.305,0.9667,100296.55
-0.1338,0.9092,-0.2881,0.488,0.61,-0.427,0.9631,100296.53
-0.1416,0.9121,-0.2847,1.28,-0.244,0.061,0.9659,100296.04
-0.1494,0.9111,-0.2856,0.549,0.915,-0.061,0.9665,100295.54
-0.1392,0.9038,-0.2812,0.0,1.707,-0.61,0.9567,100295.78
-0.1421,0.9048,-0.2822,-0.061,0.915,-0.732,0.9584,100296.2
-0.1431,0.9097,-0.2896,-0.183,-0.549,-0.549,0.9653,100295.8
-0.1396,0.9038,-0.2954,-0.061,0.061,0.427,0.9611,100295.51
-0.1377,0.9097,-0.2935,0.122,-0.061,1.768,0.9657,100296.27
-0.1475,0.9121,-0.2812,-0.183,0.488,3.049,0.9658,100296.3
-0.1431,0.9072,-0.2705,-1.768,2.439,1.463,0.9574,100296.36
-0.1333,0.8999,-0.2715,-4.329,-0.183,-1.829,0.9494,100295.31
-0.1479,0.9185,-0.2832,-4.817,-4.451,-2.561,0.9724,100294.76
