ax,ay,az,gx,gy,gz,avm,pressure
-1.1538,0.0308,-0.5068,-19.878,-23.11,16.646,1.2606,100328.96
-1.0679,-0.0249,-0.3711,8.72,2.805,-9.756,1.1308,100328.36
-0.938,-0.0527,-0.2251,15.061,17.866,-12.683,0.9661,100327.66
-0.8398,-0.043,-0.1899,-7.256,8.841,5.0,0.8621,100327.39
-1.0181,0.0151,-0.3364,-15.61,7.5,6.646,1.0723,100326.95
-0.8989,-0.0122,-0.2393,-0.305,13.354,-22.439,0.9303,100326.84
-0.8877,-0.0576,-0.3042,-9.39,10.732,-22.622,0.9401,100327.13
-0.8979,-0.0986,-0.2808,-1.646,4.268,-18.598,0.946,100328.12
-0.9058,-0.0762,-0.2017,-0.366,-17.622,-6.646,0.9311,100328.6
-0.9956,-0.019,-0.3057,-14.024,-21.768,3.293,1.0416,100327.98
-0.9292,-0.0112,-0.4409,-13.171,-15.427,-4.207,1.0286,100328.14
-0.8994,0.022,-0.4785,4.268,-4.207,-5.0,1.019,100327.66
-0.8652,-0.0361,-0.3281,18.11,24.451,-7.866,0.9261,100327.07
-0.8804,-0.0996,-0.2861,3.841,34.024,-2.866,0.931,100326.84
-0.9404,-0.0708,-0.272,-6.037,25.061,8.963,0.9815,100327.16
-1.0581,-0.0107,-0.3633,-22.317,25.732,12.195,1.1188,100327.3
-0.9263,-0.0107,-0.4424,-24.085,23.049,-1.829,1.0265,100327.17
-0.7979,-0.0322,-0.5039,-14.085,18.232,-2.5,0.9442,100327.79
-0.8608,-0.0229,-0.4023,-0.854,14.512,6.037,0.9505,100327.66
-0.9316,-0.0703,-0.4414,-3.659,36.402,3.598,1.0333,100328.68
-0.9526,-0.1113,-0.5024,-0.61,36.89,-2.195,1.0828,100328.94
-0.9517,-0.0923,-0.375,9.329,18.232,-5.549,1.027,100328.51
-0.916,-0.0762,-0.4219,-0.976,8.232,-9.756,1.0114,100328.95
-0.8833,-0.0703,-0.4712,-4.024,-3.293,-9.085,1.0036,100328.52
-0.957,-0.0615,-0.501,-5.305,-10.549,-2.561,1.082,100327.83
-0.9722,-0.0337,-0.4907,-4.756,-6.585,2.256,1.0895,100326.82
-0.8735,-0.0425,-0.5103,-3.902,6.28,-1.463,1.0125,100327.07
-0.8613,-0.0645,-0.4375,5.183,7.073,-0.671,0.9682,100327.03
-0.856,-0.0522,-0.3804,6.585,6.951,1.951,0.9381,100327.1
-0.8218,-0.0522,-0.4268,-1.037,6.28,1.037,0.9275,100326.91
-0.8521,-0.0591,-0.4512,-1.768,6.037,0.061,0.9659,100327.52
-0.8574,-0.0537,-0.4023,0.793,9.207,-1.524,0.9487,100328.09
-0.8022,-0.0757,-0.4375,-2.317,12.073,-5.366,0.9169,100328.15
-0.8765,-0.0762,-0.4897,-4.024,-3.11,-3.415,1.0069,100328.56
-0.8506,-0.0493,-0.4541,0.183,6.951,-3.537,0.9655,100328.6
-0.8872,-0.064,-0.5005,-1.707,5.976,-3.72,1.0206,100328.4
-0.9136,-0.0845,-0.4487,1.585,3.78,-2.073,1.0213,100328.14
-0.8867,-0.0771,-0.4849,0.61,5.671,1.829,1.0136,100328.66
-1.0078,-0.0879,-0.5269,-2.134,-14.939,4.939,1.1406,100328.55
-1.041,-0.0938,-0.5366,-0.305,-15.488,3.537,1.1749,100328.09
-1.0366,-0.0791,-0.5527,0.122,-9.573,0.0,1.1774,100327.52
-0.9775,-0.0928,-0.5337,1.768,-5.61,-5.183,1.1176,100327.94
-0.9282,-0.0894,-0.499,2.317,-5.122,-3.11,1.0576,100327.76
-0.8989,-0.0762,-0.5137,1.585,0.305,-0.915,1.0381,100328.24
-0.877,-0.0815,-0.4771,4.146,4.207,1.28,1.0016,100327.88
-0.8921,-0.0752,-0.4917,3.476,2.683,4.024,1.0214,100327.96
-0.9043,-0.0796,-0.4736,5.732,2.134,3.537,1.0239,100328.04
-0.8491,-0.0952,-0.4482,3.476,-0.061,3.049,0.9649,100328.38
-0.8926,-0.106,-0.4746,2.439,-4.817,4.146,1.0165,100328.23
-0.9199,-0.0986,-0.4595,3.354,-6.098,2.866,1.033,100328.34
-0.9189,-0.0996,-0.4517,0.0,-5.976,-1.585,1.0288,100328.42
-0.8926,-0.0879,-0.4683,-1.402,-0.732,-3.293,1.0118,100327.99
-0.9468,-0.0815,-0.4321,-2.012,-5.732,-3.659,1.0439,100328.64
-0.9233,-0.0737,-0.4556,-7.256,-5.061,-6.646,1.0322,100327.91
-0.8906,-0.0684,-0.4678,-5.366,0.793,-3.902,1.0083,100328.37
-0.877,-0.0776,-0.4614,-4.024,8.659,-2.927,0.994,100327.86
-0.8809,-0.0962,-0.4258,-1.829,8.11,-1.707,0.9831,100327.34
-0.8892,-0.0889,-0.4424,-2.195,5.793,0.915,0.9971,100326.93
-0.8696,-0.082,-0.4561,-0.122,3.049,2.378,0.9854,100326.52
-0.8916,-0.0757,-0.4922,-1.28,-3.78,4.573,1.0212,100326.34
-0.915,-0.0825,-0.5,2.073,0.0,6.28,1.046,100327.2
-0.8936,-0.0742,-0.4761,3.049,1.829,5.244,1.0152,100327.09
-0.8628,-0.0913,-0.501,2.805,3.293,5.0,1.0019,100326.88
-0.8887,-0.0718,-0.4351,5.61,3.598,6.524,0.9921,100327.33
-0.9048,-0.0889,-0.4741,-0.671,0.793,2.866,1.0253,100327.55
-0.9282,-0.1001,-0.4492,-0.305,-1.768,1.037,1.0361,100328.32
-0.9058,-0.0669,-0.4844,-4.512,1.89,-0.122,1.0293,100328.55
-0.9048,-0.0859,-0.4849,-2.561,-0.061,-2.073,1.0301,100327.25
-0.9214,-0.0571,-0.48,-3.232,1.646,-0.793,1.0405,100327.37
-0.8926,-0.0903,-0.5146,-0.915,-0.915,-1.463,1.0343,100328.2
-0.9824,-0.0615,-0.4517,3.11,-5.854,3.598,1.083,100328.35
-0.9224,-0.0371,-0.4263,0.305,3.415,-1.098,1.0168,100328.07
-0.8896,-0.0889,-0.438,-5.061,-8.598,-4.268,0.9956,100327.99
-0.9546,-0.0513,-0.4697,-8.476,-12.439,2.378,1.0651,100327.92
-0.877,-0.0605,-0.4834,-8.171,-14.268,-0.915,1.0032,100327.74
-0.8813,-0.0767,-0.5186,-6.28,-16.402,1.341,1.0255,100328.23
-0.8794,-0.0503,-0.458,0.0,-0.671,5.427,0.9928,100327.74
-0.8394,-0.0688,-0.4419,0.0,1.524,1.524,0.9511,100327.61
-0.8599,-0.0869,-0.4395,0.793,2.927,2.317,0.9696,100327.39
-0.8711,-0.0664,-0.4355,3.78,7.805,4.634,0.9762,100327.09
-0.8564,-0.063,-0.4316,4.939,5.244,4.024,0.9611,100327.34
-0.8545,-0.0605,-0.4443,5.732,5.915,6.28,0.965,100327.69
-0.8882,-0.0615,-0.4644,7.683,6.524,9.329,1.0041,100327.55
-0.9346,-0.0698,-0.4336,11.341,3.78,11.037,1.0326,100327.47
-0.9888,-0.0669,-0.4233,7.805,-4.634,9.634,1.0777,100327.26
-0.9712,-0.0601,-0.4922,2.622,-5.305,5.488,1.0904,100327.97
-0.9209,-0.0498,-0.4507,6.585,-3.476,3.598,1.0265,100327.02
-0.9634,-0.0371,-0.4482,1.951,-2.927,2.866,1.0632,100327.18
-0.9272,-0.0376,-0.4556,-1.098,0.732,-1.22,1.0338,100327.3
-0.9062,-0.0454,-0.4321,-3.049,-1.951,-1.463,1.005,100327.16
-0.9863,-0.0386,-0.4849,-7.439,-5.793,0.366,1.0997,100326.77
-0.9546,-0.0337,-0.4688,-4.146,-0.305,-2.317,1.064,100325.99
-0.9072,-0.0391,-0.4492,-3.354,-0.976,-2.927,1.0131,100326.16
-0.9351,-0.0405,-0.4355,-3.598,-3.72,-0.488,1.0323,100326.15
-0.9131,-0.0293,-0.4546,-5.183,-3.902,-0.915,1.0204,100325.89
-0.8604,-0.042,-0.4805,-3.902,-4.268,-0.915,0.9863,100325.95
-0.894,-0.0425,-0.4521,0.427,-1.037,4.085,1.0028,100325.62
-0.8916,-0.043,-0.4312,2.073,3.963,3.232,0.9913,100325.49
-0.8276,-0.041,-0.4048,2.256,6.524,0.0,0.9222,100325.65
-0.8179,-0.0396,-0.4404,-0.366,5.61,0.366,0.9298,100325.16
-0.8706,-0.0425,-0.4507,1.707,4.268,2.134,0.9813,100325.52
-0.8501,-0.0488,-0.4307,3.963,5.549,1.098,0.9542,100325.28
-0.9292,-0.0557,-0.4404,1.463,-1.098,1.829,1.0298,100326.22
-0.9932,-0.0547,-0.4702,0.488,2.439,0.0,1.1002,100326.05
-0.9082,-0.0508,-0.4819,1.402,4.207,-4.451,1.0294,100325.81
-0.9087,-0.0371,-0.4727,1.037,1.646,-4.329,1.0249,100326.12
-0.9116,-0.0264,-0.4746,1.159,5.0,-2.866,1.0281,100326.1
-0.9082,-0.0366,-0.4526,1.037,0.976,-1.28,1.0154,100325.48
-0.9224,-0.0469,-0.46,-1.22,1.037,1.037,1.0318,100326.23
-0.9331,-0.0493,-0.5083,-2.683,-2.073,1.28,1.0637,100326.55
-0.9067,-0.0566,-0.481,2.378,-0.244,1.098,1.028,100326.66
-0.9067,-0.0439,-0.4487,2.5,1.402,1.829,1.0127,100325.78
-0.897,-0.0586,-0.4702,-0.305,-2.073,-0.854,1.0144,100325.6
-0.8979,-0.0557,-0.4707,0.61,-1.037,0.061,1.0154,100325.84
-0.9033,-0.0454,-0.4624,0.854,0.61,-0.244,1.0158,100325.16
-0.897,-0.0649,-0.4619,0.0,2.744,-2.805,1.011,100324.53
-0.8911,-0.0581,-0.4434,-0.366,4.329,-2.988,0.997,100324.57
-0.8926,-0.0557,-0.4702,-3.72,2.012,-4.085,1.0104,100324.8
-0.9009,-0.0645,-0.4766,-3.902,2.012,-4.207,1.0212,100325.0
-0.9023,-0.0547,-0.4736,-3.049,2.927,-3.476,1.0206,100325.53
-0.896,-0.0635,-0.4834,-1.89,2.683,-3.049,1.0201,100325.28
-0.9116,-0.061,-0.4565,0.183,0.305,-1.28,1.0214,100325.35
-0.9282,-0.0532,-0.4697,-2.195,-2.561,-1.341,1.0417,100324.9
-0.8789,-0.063,-0.479,-2.073,-0.061,-0.488,1.0029,100324.82
-0.9058,-0.0532,-0.4683,-1.524,-1.28,2.561,1.021,100324.63
-0.8921,-0.0381,-0.4912,-2.683,3.476,1.768,1.0191,100324.63
-0.8213,-0.0688,-0.4746,1.951,8.171,1.098,0.9511,100323.63
-0.8994,-0.0708,-0.4526,3.537,0.854,5.61,1.0094,100323.62
-0.874,-0.0884,-0.4502,3.232,3.476,2.622,0.9871,100324.01
-0.897,-0.0923,-0.4492,-0.305,0.61,1.037,1.0074,100323.77
-0.9629,-0.0767,-0.4795,-3.841,-2.439,-2.378,1.0784,100323.37
-0.9175,-0.0708,-0.4766,-2.744,-1.89,-7.927,1.0363,100323.07
-0.873,-0.0508,-0.4697,-2.683,2.622,-6.768,0.9927,100324.7
-0.8911,-0.0537,-0.4868,-3.902,2.012,-4.329,1.0168,100323.81
-0.8828,-0.0684,-0.4907,-1.22,7.073,-1.768,1.0123,100323.91
-0.9116,-0.0718,-0.4595,1.707,6.159,1.28,1.0234,100323.98
-0.9102,-0.0796,-0.4644,0.488,6.28,0.549,1.0249,100324.14
-0.9277,-0.0801,-0.4907,0.854,4.024,1.037,1.0526,100324.02
-0.9395,-0.0679,-0.4746,1.768,4.939,0.793,1.0547,100324.52
-0.9175,-0.0684,-0.5132,-1.098,4.146,-1.159,1.0535,100325.16
-0.9639,-0.062,-0.521,-0.366,2.073,0.061,1.0974,100324.77
-0.8574,-0.0522,-0.459,4.878,20.671,-0.549,0.9739,100324.5
-0.897,-0.0664,-0.4492,-0.427,14.756,1.037,1.0054,100324.91
-0.9258,-0.0757,-0.48,-5.488,20.549,1.524,1.0456,100325.21
-0.835,-0.0581,-0.4731,-1.707,37.195,1.646,0.9615,100325.31
-0.8101,-0.0938,-0.4663,0.793,28.476,2.012,0.9394,100324.61
-0.8711,-0.0962,-0.4883,1.463,21.098,6.829,1.0032,100324.23
-0.8374,-0.0493,-0.5376,0.732,34.146,9.024,0.9963,100324.34
-0.7954,-0.0576,-0.5327,3.415,40.244,6.463,0.9591,100324.28
-0.8496,-0.0801,-0.4893,6.098,38.354,6.098,0.9837,100324.35
-0.8521,-0.0767,-0.5186,2.195,44.39,6.037,1.0004,100323.42
-0.7959,-0.0767,-0.5371,-2.927,51.768,3.963,0.9632,100323.7
-0.7925,-0.0825,-0.5684,-7.744,55.366,2.195,0.9787,100322.68
-0.7954,-0.0938,-0.5259,-8.11,56.707,1.159,0.9581,100322.91
-0.7021,-0.0557,-0.502,-10.732,57.073,-0.793,0.8649,100323.21
-0.5942,-0.0537,-0.5527,-10.549,65.183,-0.549,0.8133,100323.29
-0.5166,0.0308,-0.5405,-3.72,78.902,11.098,0.7483,100323.23
-0.6206,-0.0161,-0.5903,-4.39,82.988,12.378,0.8567,100323.91
-0.6245,-0.1191,-0.4219,-7.012,96.098,0.488,0.763,100323.09
-0.6646,-0.0747,-0.3862,-29.634,115.793,-4.695,0.7723,100323.93
-0.6826,-0.103,-0.4062,-48.598,111.768,-26.037,0.801,100323.82
-0.2744,-0.0767,-0.1343,-46.037,76.159,-27.744,0.315,100324.45
-0.1631,-0.0757,-0.2393,-46.463,84.878,-13.232,0.2993,100325.43
-0.1416,0.3105,-0.4917,-43.476,181.585,-0.183,0.5985,100324.44
0.3433,0.5312,-0.5234,-55.915,197.622,-29.573,0.821,100324.79
2.3154,0.2417,-2.5791,-131.098,61.646,-0.854,3.4744,100327.37
2.0635,1.0415,-4.1538,-66.098,117.5,76.402,4.7536,100329.69
0.7427,2.2363,-3.188,-29.756,169.207,84.573,3.9643,100332.39
0.52,0.9814,-1.1572,92.012,220.671,110.305,1.604,100333.33
1.3696,-0.0967,-0.0137,108.598,151.463,78.841,1.3731,100333.66
0.8501,-0.2998,0.3677,28.659,82.134,64.756,0.9735,100333.3
-0.0156,-0.0864,-0.6035,-68.963,30.183,-11.341,0.6099,100332.65
-0.0825,0.0562,-0.2373,2.317,36.707,11.707,0.2574,100331.62
0.2432,0.0918,0.0396,6.951,42.805,-11.585,0.2629,100331.59
0.8247,0.0547,-0.1025,-39.512,41.098,-39.268,0.8329,100330.82
1.3843,0.0703,-0.5464,-38.537,-4.878,25.305,1.4899,100330.96
1.126,0.0063,-0.4692,-3.354,-14.39,116.098,1.2199,100331.42
0.9702,-0.0708,-0.7295,6.951,-81.89,89.146,1.2159,100332.26
0.7256,-0.0791,-0.9082,5.915,-108.11,19.024,1.1651,100332.15
0.4858,-0.0542,-0.9971,2.561,-91.646,10.366,1.1105,100331.33
0.502,0.0469,-1.3447,-15.793,-62.805,-16.646,1.4361,100332.42
0.7544,0.3198,-1.4243,-21.829,-28.171,-45.549,1.6432,100332.62
0.5874,0.3384,-1.1309,47.5,-44.329,-28.72,1.3185,100332.65
0.3706,0.2236,-0.7295,67.439,-39.817,-22.256,0.8482,100332.58
0.2163,0.0425,-0.769,33.11,27.561,-3.659,0.8,100331.91
0.5796,-0.0537,-0.6519,39.573,137.744,35.793,0.8739,100332.75
0.5859,-0.1235,-0.418,26.463,109.268,48.476,0.7303,100332.65
0.5757,-0.1924,-0.5352,-13.354,6.951,2.744,0.8092,100332.82
0.6831,-0.2148,-0.7412,-1.89,-45.976,-6.829,1.0306,100333.41
0.9248,-0.1128,-0.7891,-0.122,-93.354,-43.293,1.2209,100333.41
0.6953,0.1021,-1.0557,-23.11,-92.561,-30.061,1.2682,100334.26
0.2183,-0.1025,-1.0181,49.207,-55.793,36.22,1.0462,100334.29
-0.0996,-0.272,-0.7651,73.841,-65.061,12.134,0.8181,100334.67
0.0601,-0.1733,-0.7837,19.878,-111.037,-65.976,0.8049,100335.09
0.4648,0.1577,-1.5483,-42.988,-48.78,-52.927,1.6243,100334.42
0.4409,0.1938,-1.2319,-7.622,67.744,13.049,1.3227,100334.27
0.4019,-0.0708,-0.4565,15.61,108.537,39.695,0.6123,100333.2
0.5884,-0.1987,-0.564,-27.378,52.866,23.902,0.8389,100333.83
0.6689,0.0166,-0.834,-37.988,-13.963,1.646,1.0692,100333.21
0.5967,0.1636,-0.8848,-13.598,-28.11,-3.841,1.0796,100333.73
0.5649,-0.0791,-1.0571,8.354,-28.293,-1.707,1.2012,100333.39
0.4229,-0.1616,-0.8442,37.256,-43.11,13.902,0.9579,100333.39
0.2285,-0.105,-0.8843,15.061,-33.476,9.085,0.9193,100333.27
0.3364,-0.0723,-1.1162,-14.573,-5.671,-9.695,1.168,100332.57
0.4277,0.0103,-0.9644,-3.354,19.329,-6.341,1.055,100332.67
0.4253,-0.0337,-0.7754,5.549,27.561,5.976,0.885,100332.5
0.4194,-0.0996,-0.8706,-1.951,6.463,6.768,0.9715,100332.26
0.3853,-0.0923,-0.9385,0.305,-10.732,1.524,1.0187,100332.67
0.4414,0.0088,-0.9619,10.488,-10.183,-0.854,1.0584,100332.9
0.5054,-0.0303,-0.9395,9.817,-9.878,1.22,1.0672,100332.05
0.4458,-0.1123,-0.9561,-1.22,-4.39,0.183,1.0608,100331.56
0.3901,-0.0918,-0.8726,2.988,2.561,-0.793,0.9602,100331.55
0.3965,-0.0952,-0.875,0.793,2.012,0.183,0.9653,100331.05
0.4062,-0.0854,-0.9277,-1.707,-4.207,-0.671,1.0164,100330.93
0.397,-0.061,-0.9614,-0.976,-8.902,-2.744,1.0419,100330.71
0.4014,-0.0498,-0.9526,0.915,-3.232,-2.5,1.0349,100330.42
0.4287,-0.0664,-0.9053,-1.28,7.073,0.793,1.0039,100330.58
0.4199,-0.0688,-0.917,-8.049,12.317,4.817,1.0109,100331.53
0.4043,-0.0308,-0.9419,-9.817,24.695,9.329,1.0255,100331.66
0.4458,-0.0776,-0.8936,-3.476,36.463,7.073,1.0016,100331.75
0.5269,-0.0737,-0.8838,-6.89,19.634,-0.732,1.0316,100331.45
0.4858,-0.0464,-0.8926,-2.378,-4.207,-0.549,1.0173,100330.72
0.4771,-0.064,-0.8799,5.061,-17.805,1.89,1.0029,100331.3
0.4468,-0.0576,-0.9248,5.915,-18.78,3.476,1.0287,100330.63
0.4287,-0.0776,-0.9307,5.122,-10.061,3.659,1.0276,100331.22
0.4097,-0.0874,-0.8931,3.841,-0.366,2.439,0.9864,100331.92
0.4355,-0.0796,-0.8926,-0.671,3.354,-1.463,0.9964,100331.34
0.4585,-0.0693,-0.9346,-2.988,-2.927,-2.683,1.0433,100330.77
0.4385,-0.0654,-0.9009,0.366,-4.451,-0.61,1.0041,100331.72
0.4165,-0.0659,-0.8872,-0.244,-1.829,-0.122,0.9823,100331.55
0.4287,-0.0806,-0.916,-3.72,2.683,-0.61,1.0146,100331.8
0.4497,-0.0645,-0.9365,-5.549,10.854,2.317,1.0409,100332.11
0.4541,-0.0425,-0.915,-3.902,15.366,5.488,1.0224,100332.59
0.4829,-0.0645,-0.9028,-2.195,10.854,4.268,1.0259,100332.34
0.4814,-0.0718,-0.9121,2.5,-3.963,0.671,1.0339,100332.4
0.4497,-0.0684,-0.896,9.634,-13.476,1.768,1.0048,100332.2
0.4473,-0.0488,-0.8564,10.305,-19.634,-1.098,0.9674,100331.68
0.4155,-0.0913,-0.9595,0.061,-15.549,-1.463,1.0496,100331.54
0.4058,-0.0859,-0.9292,0.061,-0.732,0.061,1.0176,100331.79
0.4136,-0.0654,-0.8643,-2.622,8.78,1.707,0.9603,100332.36
0.4541,-0.0596,-0.957,-10.366,12.5,1.768,1.061,100332.77
0.4692,-0.0684,-0.9453,-5.305,6.341,0.427,1.0576,100332.37
0.4585,-0.0664,-0.8838,0.427,-3.476,0.427,0.9979,100332.41
0.4473,-0.0708,-0.9053,1.89,-9.39,0.915,1.0122,100332.84
0.4341,-0.0679,-0.9385,2.866,-10.976,1.524,1.0362,100332.77
0.4199,-0.0688,-0.9282,3.78,-4.268,2.256,1.0211,100332.49
0.417,-0.0806,-0.9067,3.293,2.317,2.378,1.0013,100332.28
0.4297,-0.0781,-0.9209,1.829,0.854,1.159,1.0192,100332.49
0.4302,-0.0781,-0.916,2.256,-3.902,0.793,1.015,100333.02
0.4194,-0.0791,-0.8936,2.5,-3.049,0.976,0.9903,100332.55
0.4346,-0.0762,-0.9204,0.366,-2.012,0.061,1.0207,100333.2
0.4399,-0.0767,-0.9448,0.61,-1.524,0.61,1.045,100333.05
0.4219,-0.0757,-0.9224,3.476,-0.488,1.951,1.0171,100334.66
0.4189,-0.0913,-0.9102,3.659,-0.793,1.646,1.0061,100334.66
0.4238,-0.0928,-0.9321,2.622,-2.561,1.159,1.0282,100334.4
0.4199,-0.0879,-0.915,3.11,-0.305,1.707,1.0106,100333.59
0.4219,-0.0889,-0.9072,1.951,1.585,1.22,1.0045,100332.98
0.4277,-0.0913,-0.915,0.976,0.854,0.732,1.0142,100333.51
0.4248,-0.0801,-0.9185,1.159,-1.524,0.488,1.0151,100332.8
0.4136,-0.0815,-0.9121,1.28,-2.988,-0.366,1.0048,100331.91
0.4214,-0.1143,-0.915,-0.488,-0.366,-1.341,1.0139,100332.34
0.4209,-0.1074,-0.9312,-1.707,-1.341,-1.22,1.0275,100332.06
0.4175,-0.085,-0.9092,0.427,-2.073,-0.183,1.004,100332.07
0.4229,-0.0845,-0.9043,0.671,-0.122,0.732,1.0018,100331.98
0.4263,-0.0894,-0.9229,-0.671,-0.61,0.366,1.0205,100332.77
0.4194,-0.0903,-0.9268,-0.244,-0.915,0.732,1.0213,100332.49
0.4106,-0.0854,-0.917,0.488,-2.927,0.671,1.0084,100332.05
0.4116,-0.0957,-0.9292,0.0,-2.195,0.488,1.0208,100332.34
0.417,-0.0952,-0.9292,0.061,-1.89,0.549,1.0229,100332.17
0.4141,-0.0879,-0.9189,0.244,-3.232,0.61,1.0117,100333.05
0.4082,-0.0928,-0.9219,0.305,-2.195,1.037,1.0125,100333.57
0.4048,-0.0918,-0.9331,0.366,-2.805,1.098,1.0213,100334.33
0.4067,-0.0933,-0.9326,0.549,-2.195,1.037,1.0217,100333.56
0.3984,-0.0981,-0.9126,0.305,0.854,1.159,1.0006,100333.12
0.4067,-0.0967,-0.9385,-1.037,0.122,0.183,1.0274,100333.13
0.4072,-0.0879,-0.9326,0.122,-2.866,0.244,1.0214,100332.66
0.4067,-0.0903,-0.9136,0.854,-0.671,0.915,1.0041,100332.66
0.4102,-0.0938,-0.9302,-1.037,-0.793,0.244,1.0209,100333.53
0.4087,-0.0947,-0.9312,-1.159,-1.098,0.122,1.0213,100333.95
0.3926,-0.0889,-0.9233,-0.366,-2.012,0.122,1.0073,100333.89
0.3979,-0.0942,-0.9253,-0.732,-0.854,0.061,1.0116,100333.73
0.3999,-0.0928,-0.9409,-1.341,-1.037,-0.244,1.0266,100332.6
0.4033,-0.0889,-0.9233,-0.244,-0.854,-0.122,1.0115,100333.48
0.4014,-0.085,-0.9243,-0.732,-1.707,-0.366,1.0113,100333.02
0.4033,-0.0889,-0.9331,-1.098,-1.22,-0.427,1.0204,100333.19
0.397,-0.0825,-0.9287,-1.037,-1.341,0.244,1.0134,100333.18
0.4014,-0.0894,-0.9365,-1.098,-2.073,0.427,1.0228,100333.94
0.3916,-0.0874,-0.9336,-0.427,-2.378,1.037,1.0162,100334.02
0.3896,-0.0918,-0.9375,-0.488,-0.427,0.732,1.0194,100334.19
0.3936,-0.0933,-0.9346,-0.732,-2.378,-0.061,1.0183,100333.95
0.3965,-0.083,-0.9297,-1.28,-2.012,-0.183,1.0141,100333.27
0.3965,-0.0815,-0.9365,-1.768,-0.488,-0.122,1.0203,100332.53
0.3984,-0.0835,-0.9414,-0.976,-0.427,0.061,1.0257,100332.73
0.3887,-0.0781,-0.9321,-0.244,-2.256,0.244,1.0129,100333.83
0.3823,-0.0801,-0.9326,-1.22,-2.439,0.061,1.0111,100333.93
0.3877,-0.0879,-0.9458,-1.463,-1.037,-0.061,1.0259,100334.38
0.395,-0.0757,-0.9365,0.0,-1.646,0.488,1.0192,100333.61
0.3965,-0.0737,-0.9312,1.037,-3.476,1.22,1.0147,100333.76
0.3853,-0.0845,-0.936,1.037,-3.598,2.134,1.0157,100334.01
0.3696,-0.0938,-0.9419,0.122,-1.951,1.585,1.0162,100333.84
0.3774,-0.0859,-0.9468,-0.305,-1.463,0.0,1.0229,100334.31
0.3818,-0.0815,-0.9448,0.122,0.305,0.244,1.0223,100334.9
0.3901,-0.082,-0.9297,1.402,0.732,0.488,1.0116,100334.59
0.3755,-0.0791,-0.9307,1.524,-2.744,0.366,1.0067,100334.5
0.3716,-0.0938,-0.9414,0.366,-4.329,0.061,1.0164,100333.8
0.373,-0.0859,-0.938,-0.793,-2.805,-0.671,1.0131,100333.91
0.3823,-0.0737,-0.9463,-2.317,0.061,-0.732,1.0233,100333.24
0.3828,-0.0767,-0.9468,-1.463,1.037,0.122,1.0241,100333.96
0.3745,-0.082,-0.9424,-0.183,-0.488,0.671,1.0174,100333.78
0.3687,-0.0884,-0.9404,0.061,-1.28,0.488,1.014,100334.23
0.3765,-0.084,-0.9414,-0.244,-0.671,0.183,1.0174,100334.09
0.3765,-0.0776,-0.9414,-0.488,-0.854,0.244,1.0169,100333.86
0.3774,-0.0801,-0.9424,-0.732,-0.061,0.0,1.0183,100334.18
0.3784,-0.0815,-0.9448,-0.427,-0.061,0.061,1.021,100334.67
0.373,-0.0815,-0.9463,0.244,-0.976,0.244,1.0204,100334.9
0.373,-0.0825,-0.9546,1.402,-0.732,0.183,1.0282,100334.48
0.3818,-0.0737,-0.9331,3.293,-1.159,0.976,1.0109,100334.52
0.3687,-0.0869,-0.9292,2.195,-4.756,1.037,1.0034,100334.55
0.3564,-0.0962,-0.9575,0.732,-3.11,0.366,1.0262,100334.95
0.3643,-0.0879,-0.957,1.22,-1.098,0.427,1.0278,100334.02
0.3677,-0.0854,-0.9434,0.854,-0.671,0.671,1.0161,100334.3
0.3735,-0.0811,-0.9438,-0.061,-0.366,0.183,1.0183,100334.03
0.3721,-0.082,-0.9414,0.793,-1.037,0.732,1.0156,100334.8
0.3696,-0.084,-0.9585,1.098,-2.317,0.793,1.0307,100334.88
0.3555,-0.0903,-0.9482,2.256,-0.488,1.463,1.0167,100333.98
0.3594,-0.1064,-0.9448,2.561,0.0,0.671,1.0165,100333.87
0.376,-0.1064,-0.9731,2.073,-1.28,0.732,1.0487,100334.78
0.3481,-0.0806,-0.9155,3.659,4.085,1.89,0.9828,100334.74
0.3672,-0.0859,-0.9258,0.427,4.085,-0.122,0.9996,100335.09
0.3843,-0.0894,-0.9565,-0.061,-2.5,-0.366,1.0347,100334.36
0.3633,-0.0864,-0.9478,1.89,-3.72,1.037,1.0187,100334.3
0.3589,-0.1016,-0.9463,2.195,-1.463,1.159,1.0171,100334.62
0.3623,-0.1055,-0.9463,1.463,-1.037,1.098,1.0187,100333.4
0.355,-0.105,-0.936,0.549,0.427,0.854,1.0066,100333.23
0.3711,-0.106,-0.9653,0.305,-0.671,-0.061,1.0396,100333.72
0.3623,-0.0972,-0.9551,2.256,-1.159,0.427,1.0261,100333.56
0.3569,-0.1094,-0.9243,2.805,2.866,1.037,0.9969,100334.09
0.3765,-0.1055,-0.9385,1.28,3.171,0.427,1.0167,100333.37
0.3833,-0.0977,-0.9609,1.89,-0.244,0.915,1.0392,100333.8
0.3687,-0.1021,-0.9443,4.695,-0.976,2.5,1.0189,100333.28
0.3438,-0.1133,-0.9316,5.183,1.341,3.72,0.9995,100333.12
0.3545,-0.1289,-0.9497,2.927,0.915,1.341,1.0219,100333.38
0.3706,-0.1206,-0.9409,2.012,0.732,0.488,1.0184,100333.58
0.3794,-0.1147,-0.936,1.463,1.951,0.732,1.0165,100333.34
0.3711,-0.1182,-0.939,1.098,1.463,1.037,1.0165,100333.91
0.3672,-0.1201,-0.9414,2.073,0.427,1.28,1.0176,100333.4
0.3604,-0.1221,-0.9434,1.646,0.671,0.976,1.0172,100332.73
0.377,-0.125,-0.936,0.854,1.22,0.488,1.0168,100332.71
0.375,-0.1279,-0.9258,0.793,2.073,1.22,1.007,100332.58
0.3765,-0.1196,-0.9399,0.915,-1.037,1.463,1.0196,100332.96
0.3413,-0.1235,-0.9282,0.061,-2.622,1.28,0.9967,100332.88
0.3555,-0.1387,-0.9434,-4.329,-1.585,-2.683,1.0176,100332.47
0.3901,-0.1157,-0.9395,-4.207,1.524,-2.5,1.0238,100333.27
0.397,-0.1104,-0.9419,-2.195,0.854,0.183,1.0281,100333.35
0.3813,-0.1147,-0.9507,-0.976,-5.122,0.732,1.0307,100333.17
0.3579,-0.1152,-0.9429,0.488,-3.963,0.793,1.0151,100333.29
0.353,-0.1226,-0.9272,1.037,-0.915,0.793,0.9997,100333.62
0.3564,-0.1211,-0.9219,-0.122,0.732,0.488,0.9958,100333.34
0.3667,-0.1172,-0.9429,-0.732,-0.61,0.122,1.0184,100333.91
0.3589,-0.1123,-0.9697,-0.976,-2.317,-0.549,1.0401,100333.97
0.3618,-0.1216,-0.9526,0.183,-0.122,0.183,1.0263,100333.39
0.3599,-0.1221,-0.9424,-0.732,0.915,1.098,1.0161,100333.58
0.373,-0.1138,-0.9497,-1.585,-0.122,-0.305,1.0267,100334.45
0.3794,-0.1045,-0.9287,-0.122,0.61,0.244,1.0086,100335.36
0.3804,-0.1191,-0.9409,0.61,0.427,1.341,1.0219,100334.66
0.3545,-0.1187,-0.9683,1.402,-5.122,1.646,1.0379,100334.29
0.3413,-0.1245,-0.939,2.012,-2.988,1.463,1.0068,100334.51
0.3501,-0.1216,-0.9248,-0.122,3.598,0.732,0.9963,100334.05
0.377,-0.1147,-0.937,-1.768,2.317,-0.244,1.0165,100334.44
0.3711,-0.1128,-0.9492,-0.915,-2.195,0.183,1.0254,100333.4
0.3555,-0.1157,-0.9414,0.427,-4.878,0.976,1.0129,100333.59
0.3428,-0.1211,-0.9507,-0.122,-0.976,1.159,1.0178,100333.24
0.3647,-0.1182,-0.9404,0.0,0.427,0.732,1.0156,100333.23
0.3569,-0.1133,-0.9561,-0.549,-0.366,0.549,1.0268,100333.09
0.3594,-0.1094,-0.9487,-0.122,0.915,-0.427,1.0204,100333.48
0.3647,-0.126,-0.9287,-0.183,3.659,0.244,1.0057,100334.12
0.3682,-0.1226,-0.9375,-1.646,0.549,0.061,1.0146,100333.9
0.3662,-0.1206,-0.9624,-1.89,-1.585,-0.244,1.0368,100333.35
0.3535,-0.1128,-0.9297,0.061,1.829,0.793,1.001,100332.82
0.3604,-0.1152,-0.9463,-1.037,0.976,0.061,1.0191,100334.03
0.3618,-0.1099,-0.9497,-0.915,-2.5,-0.427,1.0222,100334.19
0.3677,-0.1118,-0.939,-0.854,-0.976,0.0,1.0146,100334.55
0.3677,-0.1064,-0.9438,-1.463,-0.183,0.0,1.0185,100334.84
0.3667,-0.1099,-0.9512,-1.098,-1.22,0.244,1.0253,100334.31
0.356,-0.1113,-0.9517,-0.122,-2.256,0.61,1.0221,100334.41
0.3496,-0.1147,-0.9424,-0.183,-1.707,0.427,1.0117,100333.86
0.3535,-0.1172,-0.9463,-0.671,-0.793,0.061,1.0169,100333.69
0.3623,-0.1074,-0.9512,-0.793,-1.646,-0.183,1.0235,100333.81
0.3574,-0.1045,-0.9492,-0.61,-1.646,0.0,1.0196,100334.01
0.3569,-0.1069,-0.9458,-0.488,-0.61,0.305,1.0166,100334.41
0.3584,-0.1084,-0.9487,-0.549,-2.012,0.366,1.0199,100335.06
0.354,-0.1074,-0.9536,-0.671,-2.439,-0.183,1.0229,100333.46
0.3545,-0.1045,-0.9502,0.0,-1.037,0.122,1.0195,100333.74
0.3525,-0.1069,-0.9556,0.0,-1.28,0.366,1.0241,100333.84
0.3413,-0.1113,-0.9404,0.061,-0.61,0.61,1.0066,100334.16
0.3486,-0.1108,-0.9473,-0.488,1.037,0.488,1.0155,100334.16
0.3491,-0.1069,-0.9521,-0.549,-0.976,0.366,1.0198,100334.63
0.3525,-0.1064,-0.9453,-0.732,-1.098,0.122,1.0145,100334.76
0.3564,-0.1021,-0.9463,-1.037,0.366,0.244,1.0163,100334.59
0.3608,-0.1035,-0.9585,-1.098,-0.793,0.305,1.0294,100334.97
