ax,ay,az,gx,gy,gz,avm,pressure
1.0034,0.2588,0.2012,5.976,-36.341,19.939,1.0556,100845.7
0.7266,0.1641,-0.1509,-8.415,-96.768,-4.207,0.76,100844.84
1.415,0.3486,-0.3911,-0.366,-99.146,-72.805,1.5089,100845.56
1.4468,0.3877,-0.3535,21.22,-39.573,-52.683,1.539,100845.62
0.8506,0.3252,-0.0146,31.28,26.585,-21.098,0.9107,100844.78
0.8115,0.2046,0.1836,-6.28,64.39,-18.049,0.8568,100844.05
0.9346,0.0249,-0.2007,-51.28,51.28,18.232,0.9562,100843.48
0.8979,-0.0679,-0.1206,-47.805,24.207,66.524,0.9086,100843.68
1.0938,-0.0132,-0.0156,-43.476,30.488,86.707,1.0939,100843.45
1.0234,-0.0146,0.1982,-38.232,38.415,96.402,1.0426,100843.79
1.0063,-0.1128,0.2085,-45.366,25.549,55.488,1.0339,100843.17
0.9697,-0.064,0.0557,-33.902,1.829,-3.354,0.9734,100842.48
1.0688,0.0776,0.3335,-10.854,3.476,-66.28,1.1224,100842.68
1.1367,0.061,0.2979,-27.073,14.146,-82.683,1.1767,100842.48
1.1226,-0.0791,-0.2236,-42.805,15.976,-22.134,1.1473,100842.31
0.5903,-0.0127,-0.0996,10.0,28.232,41.463,0.5988,100842.69
0.9517,0.1948,0.2852,20.305,25.183,14.756,1.0124,100841.87
0.9497,0.189,-0.0806,-16.341,14.329,20.061,0.9717,100841.99
0.7578,0.1685,-0.2148,4.39,-56.098,17.012,0.8055,100841.7
1.3613,0.3384,-0.0576,18.293,-67.927,-41.159,1.4039,100840.97
1.6172,0.1646,-0.2998,20.0,-16.098,-32.134,1.653,100841.45
0.7754,0.0708,-0.3638,68.049,57.256,48.78,0.8594,100841.55
0.1587,0.1152,0.1768,102.927,107.134,66.768,0.264,100840.91
0.6191,0.0283,0.7915,67.927,71.768,13.293,1.0053,100841.77
1.2739,0.0054,-0.0039,-75.244,-74.573,-5.122,1.2739,100840.8
1.625,-0.0107,-0.0664,-30.976,-14.268,-24.329,1.6264,100840.22
0.625,-0.062,-0.1113,14.207,52.561,2.439,0.6379,100839.52
0.6875,0.0376,0.3325,53.354,85.305,-64.939,0.7646,100838.91
1.2256,0.125,0.3174,33.171,68.78,-72.927,1.2722,100838.56
0.895,0.0737,-0.0459,26.463,48.11,11.463,0.8992,100838.79
1.062,0.0454,0.4385,58.841,36.585,29.39,1.1499,100837.71
1.4565,0.2637,0.5127,29.939,13.049,18.415,1.5665,100837.9
0.9976,0.1226,0.0234,-0.488,-12.195,39.085,1.0053,100838.54
0.9409,0.0444,0.3018,15.427,-37.927,12.012,0.9891,100838.63
1.0361,-0.0801,0.0635,-8.841,-38.171,-1.463,1.0412,100837.47
0.7974,-0.083,0.0327,11.829,-46.463,27.927,0.8023,100836.62
0.5352,-0.001,0.1582,15.854,-26.951,40.427,0.5581,100836.86
0.5435,-0.082,0.0723,-7.622,-2.866,24.939,0.5543,100836.04
0.9531,-0.1006,0.2041,-19.024,-7.683,13.11,0.9799,100835.68
0.9136,-0.084,0.1255,-31.768,-14.756,25.61,0.926,100835.88
1.1416,0.0586,0.6279,-12.317,-45.122,-18.11,1.3042,100836.41
1.9067,0.1646,0.3311,-64.573,-59.756,-52.317,1.9422,100835.81
1.0947,-0.1328,-0.5347,-62.073,-19.085,13.049,1.2255,100836.09
0.6055,-0.1426,0.0083,36.463,54.329,-2.744,0.6221,100835.34
0.8062,-0.0664,0.4082,42.317,79.695,-31.707,0.906,100834.89
0.5464,-0.0728,0.0181,7.5,32.622,3.293,0.5515,100835.05
0.9785,0.0566,0.3101,31.28,3.659,-4.634,1.028,100834.93
1.3521,0.1577,-0.1279,-36.585,-32.683,50.732,1.3672,100834.24
0.7178,0.1372,0.0493,23.963,-41.341,47.561,0.7324,100833.32
0.7231,0.1514,0.3472,1.159,-27.866,-24.695,0.8163,100833.01
0.7383,0.0615,-0.043,-49.207,-52.561,-65.427,0.7421,100832.28
0.7866,-0.0654,-0.2148,-42.317,-43.537,-54.268,0.8181,100832.22
0.6694,-0.1064,-0.1294,-25.122,18.78,-12.744,0.6901,100832.05
0.6235,-0.2061,0.0,-20.122,41.28,14.207,0.6567,100832.42
0.7759,-0.271,0.2603,-37.073,26.524,16.524,0.8621,100831.93
0.9302,-0.1855,0.2856,-82.073,-9.268,21.585,0.9906,100831.83
0.9487,-0.1323,0.396,-106.646,-42.256,15.915,1.0365,100832.25
1.5146,-0.0225,0.083,-159.878,-14.146,-19.329,1.5171,100832.09
1.2314,-0.104,-0.3691,-142.561,8.293,7.134,1.2898,100832.8
1.1069,-0.1318,0.1431,-70.671,21.951,-20.244,1.1239,100832.6
1.4668,0.0107,0.5454,-48.11,34.512,-68.963,1.565,100832.55
1.2466,0.0786,0.5977,-78.841,8.902,-56.341,1.3847,100831.81
0.8721,-0.002,-0.1592,-148.11,-12.012,-32.5,0.8865,100832.11
0.7139,-0.0352,-0.4478,-91.402,8.537,-21.89,0.8434,100831.73
0.8989,-0.0005,0.3779,-13.049,25.427,-18.841,0.9751,100832.82
0.8164,0.0396,0.25,-70.305,5.61,6.402,0.8547,100832.62
0.5469,0.0762,0.0518,-73.476,-30.732,11.707,0.5546,100831.99
0.957,0.0742,0.6309,-40.915,-25.793,-36.402,1.1487,100832.29
1.1782,0.1274,0.5688,-97.5,-40.732,-46.22,1.3145,100831.13
1.0835,0.1235,0.4443,-131.585,-41.22,-30.122,1.1776,100831.09
1.0317,0.1021,0.209,-161.768,-45.549,-18.659,1.0576,100830.37
0.8994,0.0454,0.0327,-168.354,-38.598,-0.488,0.9012,100830.91
0.5967,-0.0312,-0.2236,-161.768,-23.476,20.244,0.638,100831.72
0.563,-0.0332,-0.0464,-124.451,-19.756,17.378,0.5659,100831.45
0.7456,0.0278,0.3354,-111.22,-22.256,6.524,0.8181,100831.37
0.9756,0.0063,0.2544,-146.585,-41.829,-2.744,1.0082,100831.54
1.0518,-0.1104,0.0156,-155.366,-38.78,-15.305,1.0576,100831.19
1.0669,-0.1304,0.0024,-137.805,6.585,-40.183,1.0748,100831.66
1.0264,-0.0845,-0.0801,-117.378,18.049,-48.537,1.0329,100831.99
1.0659,0.0127,-0.0488,-97.439,22.439,-45.915,1.0671,100832.64
0.9878,0.0449,-0.0376,-86.707,11.037,-19.939,0.9895,100831.9
0.7754,0.0259,-0.1265,-80.488,3.293,2.561,0.7861,100832.31
0.728,0.0303,-0.1987,-67.073,2.866,5.793,0.7553,100832.98
0.8604,0.0845,0.0283,-51.28,-8.293,7.5,0.865,100833.37
1.0757,0.1118,0.3232,-53.293,-29.878,14.207,1.1288,100832.8
1.2622,0.2002,0.2402,-73.78,-45.488,29.085,1.3004,100832.98
1.0278,0.1992,-0.0078,-64.39,-60.061,53.354,1.047,100832.86
1.0684,0.1802,0.1855,-28.476,-36.585,27.134,1.0992,100833.53
1.2578,0.3066,0.4541,-35.122,-4.451,-10.61,1.372,100832.66
1.126,0.3833,0.4131,-85.427,5.061,-23.963,1.2591,100832.49
0.8447,0.2329,0.0796,-119.207,23.537,-26.89,0.8799,100833.13
0.7295,0.1758,-0.0225,-107.317,10.854,-15.305,0.7507,100832.85
0.7363,0.0117,-0.25,-98.902,-8.11,-8.293,0.7777,100832.9
0.7681,-0.0825,-0.4468,-77.439,-19.329,-0.915,0.8924,100832.55
0.7808,-0.0415,-0.4287,-48.72,-17.866,26.524,0.8917,100833.16
0.959,0.0708,0.2578,-29.939,47.805,46.159,0.9956,100832.26
0.9849,-0.1543,0.6699,-45.549,26.22,4.329,1.2011,100833.22
1.1216,-0.0078,0.3369,-58.841,-43.049,-38.171,1.1711,100833.3
1.3413,0.0439,-0.1187,-34.878,-47.5,-52.622,1.3473,100834.34
1.1504,0.0244,0.0044,33.293,28.293,-30.305,1.1507,100834.62
0.8286,0.0991,0.3794,62.805,62.744,3.11,0.9167,100834.09
0.478,-0.0239,0.2866,38.841,29.268,27.012,0.5579,100834.43
0.4546,-0.0312,0.2979,11.646,-14.878,11.585,0.5444,100835.05
1.0923,0.0767,0.5972,-25.732,-29.329,-13.11,1.2472,100836.5
1.418,0.1475,-0.1714,-89.146,-31.159,20.305,1.4359,100836.34
0.769,-0.0771,-0.0894,-17.5,29.634,49.024,0.7781,100836.49
0.6074,0.043,0.2681,11.951,43.232,-15.122,0.6653,100836.72
1.1362,0.2363,0.4429,-16.402,-22.378,-75.671,1.2422,100837.38
1.2856,0.1128,0.0332,-65.61,-48.049,-46.341,1.291,100837.24
0.6504,-0.1304,-0.333,-58.963,-7.744,5.0,0.7422,100837.02
0.6821,-0.0933,0.0391,-18.11,12.134,-4.39,0.6896,100835.99
1.2583,0.1323,0.293,-1.524,-35.976,-5.305,1.2987,100835.73
1.3716,0.1992,0.8594,7.439,-54.817,-4.329,1.6308,100837.0
1.5459,0.0654,0.1357,-68.659,-30.061,-32.012,1.5532,100837.84
1.2534,-0.0322,-0.3047,-33.963,-49.085,-20.915,1.2903,100837.84
1.1475,0.0776,0.1602,26.159,5.61,-21.28,1.1612,100838.2
0.5854,0.0264,-0.0635,12.927,29.024,5.183,0.5895,100838.98
0.4395,-0.042,-0.2036,6.768,-6.341,10.488,0.4861,100839.43
0.6978,-0.0347,-0.1709,11.28,18.659,9.329,0.7192,100839.55
0.9414,0.1421,0.5024,46.707,40.732,18.537,1.0765,100839.6
1.1201,0.1265,0.5464,-4.268,25.976,6.768,1.2527,100840.54
1.1685,0.0234,0.2153,-43.293,-37.744,-14.817,1.1884,100840.74
1.5371,0.1079,0.0762,-36.159,-61.159,-27.622,1.5428,100840.65
1.1201,0.1528,0.2065,-19.817,-25.915,2.744,1.1492,100841.93
0.7314,0.0991,-0.0845,-37.5,12.378,22.744,0.7429,100841.66
0.5112,0.0112,-0.3384,-33.598,17.012,42.805,0.6132,100841.2
0.9268,0.0366,0.0327,-8.902,19.146,37.439,0.9281,100840.73
1.4595,0.1226,0.3032,-12.012,47.134,42.683,1.4957,100840.88
1.1016,-0.1274,-0.0117,-10.366,65.976,60.61,1.109,100840.99
0.7417,-0.0469,0.2925,56.22,16.159,23.11,0.7987,100841.55
1.1436,0.1992,0.8218,65.427,6.707,-50.61,1.4222,100842.11
1.1079,0.0688,0.1001,-12.439,-7.805,-43.72,1.1146,100842.52
0.397,0.0566,-0.3911,-3.963,-37.439,-9.207,0.5601,100842.47
0.6416,0.1138,0.0493,37.378,-25.305,-46.768,0.6535,100842.41
1.1885,0.0483,0.4331,20.366,-1.585,-49.451,1.2659,100842.64
1.2539,0.1455,0.3994,-8.049,-69.756,14.695,1.324,100842.66
0.9722,0.019,-0.2998,-32.073,-58.598,32.805,1.0175,100842.81
0.8911,-0.0957,-0.2402,43.415,6.159,-9.024,0.9279,100843.06
1.2285,0.2354,0.5342,88.293,65.061,-48.232,1.3601,100843.23
0.8472,0.1851,0.4214,34.146,54.573,-28.659,0.9641,100843.88
0.4692,0.0625,0.0127,-6.159,15.366,-20.549,0.4736,100844.47
0.9775,0.126,0.2969,-15.915,-5.122,-36.768,1.0294,100844.66
1.3374,0.0439,0.0371,-59.634,-38.232,-5.183,1.3386,100845.31
1.6548,0.1631,-0.1392,-41.524,-109.634,38.72,1.6686,100845.05
1.1143,0.1294,-0.2466,-18.902,-62.866,43.537,1.1485,100844.84
0.7622,0.085,-0.3096,17.378,6.341,3.049,0.827,100844.8
0.7744,0.1943,0.0493,60.61,17.378,-27.134,0.7999,100845.15
1.1177,0.126,0.1128,43.659,22.134,-44.329,1.1304,100846.26
0.9712,-0.0254,-0.2275,27.5,9.817,-11.585,0.9978,100845.87
0.7808,-0.0054,0.0093,46.829,-2.744,9.756,0.7808,100845.83
1.0488,0.1914,0.3867,33.232,7.256,17.927,1.1341,100846.78
0.9951,0.2349,0.27,-12.378,-25.0,56.768,1.0575,100846.98
0.6904,-0.0312,-0.1592,-42.195,-25.915,45.427,0.7092,100847.76
0.8354,0.0112,0.0098,5.854,13.598,-19.817,0.8356,100847.84
1.2842,0.3418,0.7866,26.159,44.634,-68.049,1.5443,100847.27
1.2163,0.1382,0.2861,-78.659,14.878,-35.976,1.2571,100847.47
0.6035,-0.0327,-0.48,-122.378,-15.244,28.171,0.7718,100847.49
0.5312,0.0591,-0.2192,-69.146,20.122,34.39,0.5777,100848.37
1.0923,0.1514,0.0864,-39.085,23.841,18.232,1.1061,100847.69
1.1006,0.0864,0.2432,-49.085,14.085,17.805,1.1304,100847.91
1.1421,-0.0874,0.1372,-66.951,-9.573,-20.793,1.1536,100847.81
1.1396,0.0283,0.2432,-37.073,-45.122,-51.707,1.1656,100848.25
1.1997,0.0781,0.0137,-47.439,-28.659,-75.488,1.2023,100847.81
1.0488,0.0298,-0.4424,-45.122,-29.756,-50.915,1.1387,100847.99
1.2646,-0.1558,-0.3271,-16.951,-14.329,-12.073,1.3155,100848.25
0.8896,0.0176,0.499,14.573,-8.841,46.524,1.0202,100848.95
0.7129,0.29,1.106,-42.378,-15.244,45.183,1.3474,100848.73
0.7119,0.144,0.2241,-180.183,-54.085,-1.585,0.7601,100849.19
0.7041,0.1187,-0.1348,-143.659,-51.524,-37.683,0.7266,100849.51
1.4023,0.4238,0.5737,-53.598,-15.244,-88.78,1.5733,100848.91
1.4033,0.3306,0.4229,-101.646,-7.988,-53.78,1.5025,100849.44
0.8501,0.1655,-0.0747,-156.28,-34.573,16.524,0.8693,100849.82
0.6562,0.1216,0.2329,-152.744,-3.476,33.841,0.7069,100849.63
0.8906,0.1431,0.5898,-182.073,-13.78,34.329,1.0778,100849.72
1.1191,0.002,0.6157,-237.134,-84.939,51.585,1.2773,100850.14
1.0986,-0.291,-0.5161,-272.744,-120.549,42.256,1.2482,100850.59
1.6392,-0.1782,0.1045,-122.561,-49.451,-5.915,1.6521,100851.19
2.085,0.1709,0.5601,-115.427,25.305,-42.195,2.1656,100851.38
1.4795,0.2378,-0.6201,-194.207,7.378,5.0,1.6217,100851.55
0.7275,0.061,-0.5923,-133.11,10.61,36.159,0.9401,100850.79
0.7817,0.106,0.1206,-74.329,36.768,10.488,0.7981,100850.7
0.5996,0.0981,0.5181,-74.146,51.037,5.0,0.7985,100851.26
0.5474,0.064,0.5381,-102.683,4.878,-3.598,0.7702,100851.31
0.7563,0.0483,0.561,-138.963,-64.695,-3.476,0.943,100850.99
0.9858,0.2109,0.1694,-163.171,-106.646,26.341,1.0223,100850.37
0.8765,0.0952,-0.0459,-121.037,-71.768,39.329,0.8828,100850.4
1.3032,0.0654,0.0581,-103.78,5.183,-8.72,1.3062,100850.79
1.4224,0.0205,-0.3794,-124.085,15.0,-14.024,1.4722,100850.83
1.6777,0.1455,-0.1353,-94.085,-11.707,-29.634,1.6895,100850.38
1.6543,0.2056,0.0483,-91.707,-13.049,-26.463,1.6677,100850.78
1.3145,0.1602,-0.0601,-113.841,-27.927,6.098,1.3255,100851.55
0.8198,0.0039,-0.6069,-121.098,-18.049,52.866,1.02,100851.05
0.1963,-0.0928,-0.3813,-60.549,6.524,70.488,0.4388,100850.8
0.7173,0.0464,0.3115,-44.085,47.805,11.28,0.7834,100850.12
0.9668,0.1396,0.4194,-93.841,34.146,9.146,1.0631,100850.48
0.9976,0.1045,0.4072,-119.268,-51.707,7.927,1.0825,100849.73
1.5439,0.1387,-0.0322,-136.159,-45.61,-42.134,1.5505,100850.19
1.2529,-0.0747,-0.5054,-79.939,8.476,-48.659,1.3531,100850.65
1.104,0.0498,0.0845,7.012,68.293,-71.646,1.1084,100850.25
1.0703,0.0723,0.2695,3.415,82.317,-59.451,1.1061,100850.33
0.4165,-0.0879,-0.2466,-9.146,44.695,-4.207,0.4919,100849.87
0.6748,0.019,0.1665,34.207,34.573,-17.744,0.6953,100850.28
1.6489,0.2637,0.5605,24.39,1.463,-21.463,1.7614,100850.46
1.1479,0.1152,-0.0459,-9.817,-9.146,28.78,1.1546,100850.34
1.0464,0.144,0.2881,32.317,-41.463,16.768,1.0948,100850.12
1.2666,0.1729,0.2852,6.829,-88.963,19.939,1.3098,100849.23
0.5317,-0.1221,-0.2461,-22.134,-68.598,44.39,0.5985,100848.94
0.7485,-0.1079,-0.0049,4.756,13.963,13.049,0.7563,100848.81
0.6133,-0.0664,-0.1133,-9.512,88.963,34.695,0.6272,100848.38
0.27,-0.2295,-0.125,6.829,89.878,47.622,0.3758,100848.16
0.9336,-0.0498,0.5933,23.476,43.049,5.854,1.1073,100847.13
1.2031,0.1123,0.7563,-36.22,-4.268,1.037,1.4255,100846.13
1.6118,0.3145,0.4414,-88.841,-85.366,-9.512,1.7005,100846.49
1.6626,0.2227,-0.1279,-100.671,-54.024,-0.976,1.6823,100846.89
0.7178,-0.1338,-0.4326,-25.0,35.976,5.61,0.8487,100846.94
0.8457,0.0205,0.501,64.024,82.195,-66.037,0.9832,100847.34
1.1255,0.1743,0.6377,31.28,54.39,-76.341,1.3053,100846.68
0.9326,0.082,-0.1812,-17.134,-16.28,-16.951,0.9536,100846.66
0.8921,0.0312,-0.208,28.232,-24.512,16.707,0.9166,100846.16
1.3037,0.2446,0.5376,67.256,-3.902,19.878,1.4313,100846.13
0.7544,0.0513,0.4302,12.256,-5.976,32.866,0.8699,100846.04
0.9883,0.0591,0.0088,-45.793,-58.598,1.768,0.9901,100845.67
0.9326,0.0161,-0.1421,-34.817,-62.744,-2.195,0.9435,100844.91
0.9409,-0.0391,-0.2539,-17.683,3.11,0.915,0.9754,100844.96
0.4902,-0.145,-0.0977,13.049,39.756,31.829,0.5205,100844.38
0.8643,-0.0532,0.5981,26.707,31.646,17.988,1.0524,100844.31
1.1182,0.043,0.6636,-37.134,0.244,20.671,1.3009,100844.02
1.0303,0.0806,0.0737,-81.89,-50.671,17.5,1.036,100843.92
1.3706,0.1362,-0.0415,-49.634,-54.756,-17.622,1.378,100843.36
1.231,0.0435,-0.1943,-6.098,-1.524,-19.329,1.247,100843.77
0.7134,0.0034,0.0698,58.963,44.451,-17.866,0.7168,100843.99
0.7861,0.0508,0.5527,69.756,81.463,-49.512,0.9623,100843.42
0.8521,0.0767,0.416,14.939,60.366,-34.268,0.9513,100843.72
0.8594,0.1162,0.1079,-15.061,2.988,0.549,0.8739,100843.7
1.0825,0.1035,0.2412,-10.793,-21.402,6.89,1.1139,100843.19
0.939,0.1807,-0.1211,-16.524,-42.744,-1.28,0.9638,100842.79
1.2827,0.3711,0.1265,14.39,-68.841,-28.598,1.3413,100842.25
1.3262,0.292,-0.1138,-12.622,-75.732,-10.244,1.3627,100842.09
0.8032,-0.0098,-0.3345,12.317,-29.756,4.268,0.8701,100842.6
1.02,0.0825,0.2964,58.659,49.024,-18.598,1.0654,100842.23
0.7979,0.0244,0.3853,15.366,44.756,21.768,0.8863,100841.7
0.4468,-0.1455,-0.0981,-41.768,-6.524,45.122,0.48,100841.8
1.0391,0.0146,0.3926,-18.598,-22.012,13.049,1.1108,100840.88
1.3286,0.0659,0.2739,-65.244,-13.415,16.951,1.3582,100841.2
0.959,-0.0928,-0.4053,-55.366,-17.805,34.878,1.0452,100841.55
0.981,0.0454,0.0625,24.695,16.829,-1.829,0.984,100841.69
0.9302,-0.0142,0.0552,30.915,64.756,-37.5,0.9319,100840.58
0.8149,-0.022,0.2666,50.854,50.305,-40.305,0.8577,100839.98
0.8159,0.0806,0.4917,42.5,27.805,-32.866,0.956,100840.41
0.8896,0.0732,0.3638,5.793,20.0,-27.256,0.9639,100839.73
1.2783,0.147,0.5049,-6.89,-13.293,-16.463,1.3822,100840.09
1.0381,0.1235,0.1982,-49.939,-44.573,14.207,1.064,100840.12
1.0161,0.1362,-0.126,-38.78,-60.671,-0.061,1.0329,100840.75
1.2852,0.2148,0.3154,-4.39,-50.427,-4.451,1.3406,100840.73
0.9927,0.0503,-0.2412,-23.476,-25.488,7.439,1.0228,100839.99
0.9346,0.1284,0.2593,13.598,6.098,-5.976,0.9783,100839.67
1.041,0.1191,0.2871,-27.622,51.524,-8.78,1.0864,100840.04
0.8687,-0.0269,-0.1216,-59.085,50.061,32.744,0.8775,100839.71
0.7061,-0.0088,0.0962,-40.671,5.549,61.037,0.7126,100839.33
0.9077,0.0479,0.0654,-59.085,-6.646,38.049,0.9113,100838.93
1.2534,0.0391,0.1772,-47.683,-31.22,13.841,1.2665,100838.27
1.4126,0.0581,-0.1436,-47.317,-36.829,13.476,1.4211,100838.75
1.0771,0.0317,-0.3145,-5.976,20.366,24.085,1.1226,100839.11
0.7705,0.0244,0.1216,45.793,104.939,1.89,0.7804,100838.89
0.7705,0.0244,0.1216,45.793,104.939,1.89,0.7804,100837.26
0.584,-0.0181,0.5493,40.976,110.915,-30.793,0.8019,100837.52
0.7168,0.0005,0.4287,-5.061,26.037,-59.512,0.8352,100837.97
1.0918,0.0762,0.1606,-27.866,-39.817,-57.439,1.1062,100837.58
1.126,0.0283,0.1753,-14.573,-33.963,-35.488,1.1399,100837.88
1.1875,0.1206,0.0278,-3.963,-13.293,-16.951,1.1939,100837.86
0.8955,0.1685,0.2021,34.085,-15.427,15.854,0.9334,100837.96
0.9966,0.0977,0.5117,26.098,-86.098,4.268,1.1245,100836.93
1.1792,0.1646,-0.1929,-13.537,-113.963,-3.659,1.2061,100837.02
0.7495,0.0884,0.3369,56.341,-12.744,-3.476,0.8265,100836.11
0.8052,0.0039,0.3862,19.939,97.683,-31.707,0.893,100835.91
0.9492,-0.0288,0.0986,-12.012,113.902,-11.951,0.9548,100835.39
0.7593,-0.0439,0.4961,6.768,49.573,44.573,0.908,100835.48
0.7256,-0.1382,0.8794,-45.061,11.28,39.207,1.1484,100835.68
0.835,-0.0557,0.2593,-157.195,-25.183,20.0,0.8761,100835.45
0.6938,-0.0337,0.2251,-145.0,-71.402,17.988,0.7302,100834.55
0.9531,0.0454,0.2988,-151.707,-69.878,-26.951,0.9999,100834.99
1.0752,0.0444,-0.603,-174.451,-83.354,-36.768,1.2336,100835.33
1.2095,-0.022,-0.3301,-52.805,-60.671,-59.207,1.2539,100835.33
1.6182,0.2007,0.6172,0.915,5.183,-109.451,1.7435,100834.71
1.4526,0.001,0.271,-64.329,40.122,-92.744,1.4777,100833.76
0.666,-0.2339,-0.4414,-72.561,-1.402,-39.695,0.8325,100833.41
0.3892,-0.0869,0.0371,-6.159,-38.963,-44.451,0.4005,100833.5
1.0117,0.1655,0.6611,-28.11,-26.463,-74.329,1.2199,100834.45
1.3008,0.1484,0.2891,-118.659,-34.146,-38.171,1.3408,100834.54
0.9106,-0.0361,-0.1533,-115.366,-40.671,27.683,0.9242,100834.48
0.6841,-0.0391,0.3506,-62.439,16.524,12.927,0.7697,100833.59
0.939,0.1519,0.7822,-55.366,32.134,-27.622,1.2315,100833.63
0.9888,0.27,0.96,-101.159,-16.585,-21.22,1.4043,100834.03
0.8618,0.314,0.5381,-194.451,-72.073,-5.183,1.0634,100833.23
0.77,0.2354,0.0112,-244.634,-69.634,5.061,0.8053,100833.12
0.4443,0.0864,-0.1748,-211.402,-46.341,18.598,0.4852,100832.55
0.7666,0.1265,0.2798,-170.671,-44.207,-3.11,0.8258,100832.75
1.1182,0.2661,0.418,-186.707,-88.902,14.939,1.223,100832.39
0.7676,0.1333,0.0674,-204.634,-84.085,34.573,0.782,100833.11
0.9297,-0.0259,-0.0381,-171.463,-23.72,-12.439,0.9308,100833.65
0.936,0.02,-0.1597,-136.89,-16.098,-13.963,0.9498,100832.95
0.7769,0.0044,-0.2202,-89.268,-18.293,-18.11,0.8075,100832.55
1.231,0.0405,0.0591,-56.463,-4.207,-60.61,1.233,100833.45
1.4272,0.1157,0.2358,-58.354,-5.366,-40.854,1.4512,100833.91
0.7969,0.0249,-0.1021,-81.89,-11.098,6.341,0.8038,100834.98
0.5195,0.0259,-0.126,-75.244,-13.841,5.549,0.5352,100834.07
1.0884,0.1743,0.207,-73.72,-10.122,-7.561,1.1215,100834.36
1.2964,0.2422,0.1479,-110.854,-10.976,35.244,1.3271,100833.96
0.7417,0.2002,-0.1079,-99.756,-57.378,86.098,0.7758,100833.55
0.8491,0.1216,0.3755,-46.098,-76.829,25.854,0.9364,100833.11
1.6279,0.2622,0.4092,-72.561,-38.78,-47.317,1.6989,100833.52
1.2456,0.2051,0.0093,-98.537,-30.366,-0.061,1.2624,100832.84
0.5645,0.1021,-0.0732,-70.61,-7.439,22.378,0.5783,100833.93
0.624,0.1323,0.0762,-38.72,38.963,-20.793,0.6424,100834.14
0.7676,0.1592,0.1382,-32.5,32.683,-27.012,0.796,100834.53
0.3286,-0.0327,-0.1187,-55.061,-7.073,-16.707,0.3509,100834.84
0.9819,0.002,0.0312,-56.768,-9.329,-51.037,0.9824,100835.18
1.9688,0.3691,0.5073,-47.012,-31.341,-4.634,2.0663,100834.42
1.0586,0.1265,-0.2466,-75.915,-8.049,89.329,1.0943,100834.73
0.3369,-0.0195,-0.2817,-7.317,40.793,53.049,0.4396,100834.35
1.1445,0.2739,0.5312,61.341,3.537,-36.341,1.2912,100835.18
1.4946,0.1787,0.2046,-0.915,5.549,-31.463,1.5191,100835.29
0.5122,-0.0322,-0.2588,0.122,8.72,34.878,0.5748,100835.51
0.6191,0.0225,0.2178,35.427,2.622,20.427,0.6567,100833.92
0.8799,0.0342,0.5576,0.0,-17.683,31.524,1.0423,100834.97
0.7651,0.1421,0.1787,-75.671,-40.122,47.134,0.7985,100835.5
0.8813,0.0122,-0.5317,-77.988,-9.085,9.634,1.0294,100835.77
1.0806,0.0347,-0.1548,10.305,38.476,-30.183,1.0921,100836.34
1.1494,0.311,0.4614,40.427,60.305,-38.659,1.277,100836.89
1.0225,0.127,0.252,-22.439,26.28,-30.366,1.0607,100837.34
0.9707,0.0586,0.0815,-66.28,-15.0,-4.573,0.9759,100837.41
0.8999,0.1421,-0.0015,-72.866,-30.732,27.195,0.9111,100836.57
1.209,0.207,-0.0508,-40.732,-55.366,24.207,1.2276,100836.47
1.335,0.0596,-0.2197,4.39,-10.793,0.061,1.3542,100836.36
1.2437,0.1685,0.2041,70.244,34.39,-16.098,1.2715,100837.29
1.1289,0.1938,0.522,66.829,32.561,-23.293,1.2588,100838.23
0.6846,0.1479,0.1519,29.756,11.646,-15.671,0.7166,100838.44
0.7568,0.1196,0.1328,19.756,-7.805,-29.512,0.7777,100838.23
0.9307,-0.0288,0.1055,0.427,-10.061,-19.756,0.9371,100838.57
0.8667,0.0605,-0.1323,-10.488,-9.329,20.122,0.8788,100838.68
0.811,0.2324,0.3184,14.268,-21.098,29.329,0.9017,100839.14
1.1069,0.1304,0.1255,-21.89,-14.634,-9.512,1.1216,100839.73
1.1035,0.0171,-0.2139,-15.549,-24.146,-21.22,1.1242,100839.45
1.376,0.2236,0.1392,22.195,9.146,-31.524,1.401,100840.84
1.082,0.125,0.0049,13.415,49.939,-15.244,1.0892,100840.51
0.8032,0.0317,-0.145,16.159,36.646,13.11,0.8168,100840.76
0.5322,0.1587,0.2871,24.207,33.963,46.22,0.6252,100840.82
0.5693,0.1636,0.5205,-3.902,4.146,41.585,0.7886,100840.52
0.7949,0.0923,0.6084,-55.549,-29.207,0.732,1.0053,100840.63
1.0972,0.0483,-0.0732,-97.378,-23.841,-44.146,1.1007,100841.47
1.4399,0.0811,-0.6143,-53.354,-53.78,-60.305,1.5676,100841.12
1.6514,0.1611,-0.4229,29.085,-0.488,-51.829,1.7122,100841.7
1.3003,0.2217,-0.0264,91.28,90.793,-2.195,1.3193,100841.28
0.5728,0.0996,0.1831,93.232,69.756,53.232,0.6095,100841.22
0.5811,0.1274,0.3892,51.951,-2.622,40.488,0.7109,100841.79
1.2451,0.2739,0.7705,6.646,-106.768,22.744,1.4896,100841.98
1.0361,0.1411,0.0059,-86.159,-114.146,42.012,1.0457,100842.35
0.687,-0.0303,-0.6792,-33.841,-62.988,18.293,0.9665,100842.99
1.1587,0.1519,0.0449,57.988,-3.841,-33.598,1.1695,100843.12
1.0762,0.1899,0.271,49.634,53.963,-23.171,1.1259,100843.45
0.5967,0.0918,0.0703,21.402,65.671,6.037,0.6078,100842.96
0.6978,-0.042,0.1714,-3.537,48.963,3.902,0.7197,100844.09
1.0078,0.1147,0.2554,-26.341,14.573,17.073,1.046,100844.05
1.228,0.1953,0.5557,-35.244,-20.366,20.854,1.362,100843.64
1.1357,0.0039,-0.2568,-84.878,-24.512,2.012,1.1644,100844.2
1.0083,0.0459,-0.1753,-14.024,-23.476,-18.171,1.0245,100844.75
1.1362,0.146,0.1245,19.329,-3.598,-42.134,1.1523,100845.53
0.9282,0.0327,-0.1353,2.073,3.963,-24.695,0.9386,100845.75
0.585,-0.0093,-0.1841,10.976,-12.317,13.72,0.6133,100845.92
1.1592,0.1968,0.6675,-3.476,-50.915,29.878,1.352,100846.56
0.7822,-0.0088,-0.6064,-92.317,-17.195,36.707,0.9898,100846.89
0.772,-0.0405,-0.3701,2.378,6.463,-16.22,0.8571,100846.9
1.5337,0.293,0.4946,53.841,63.659,-70.549,1.6379,100847.02
1.083,0.1558,0.3989,1.951,85.061,-22.317,1.1646,100847.12
0.6431,-0.0864,0.0259,-50.061,39.817,12.866,0.6494,100846.43
1.0605,0.0195,0.3335,-69.634,0.0,10.366,1.1119,100846.4
1.2964,0.2236,0.374,-99.573,-64.024,29.512,1.3677,100846.88
1.2681,-0.1055,-0.4058,-121.28,-81.585,18.902,1.3356,100848.38
1.0464,-0.0898,-0.479,-41.829,-21.89,-12.195,1.1543,100848.61
1.2676,0.2085,0.3721,21.159,37.073,-77.5,1.3374,100849.03
1.1377,0.1548,-0.1162,-24.695,40.61,-81.951,1.154,100850.09
0.5342,-0.0322,-0.2036,-6.585,-22.622,-46.159,0.5726,100850.51
0.9468,0.0718,0.2754,8.902,-41.524,-62.683,0.9886,100850.22
1.231,-0.0063,0.2612,-39.695,-31.463,-33.171,1.2584,100850.11
0.937,0.0811,0.2725,-85.122,-59.939,32.012,0.9792,100850.66
0.9556,0.1592,0.4731,-109.268,-60.061,42.622,1.0781,100849.82
0.9424,0.0869,-0.0181,-112.866,-62.073,46.463,0.9466,100849.57
0.6611,0.165,0.1821,-51.463,-71.402,37.927,0.7053,100849.74
1.2007,0.1494,0.5332,-68.171,-19.817,-21.341,1.3222,100851.0
0.9897,0.1323,0.0381,-135.427,-32.866,10.061,0.9993,100851.31
0.6265,0.166,0.4761,-135.0,-27.683,56.524,0.8042,100851.57
1.3105,0.1338,0.5835,-194.146,-51.768,47.805,1.4408,100851.75
1.5942,0.1616,0.0093,-242.073,-190.549,117.622,1.6024,100852.0
1.0947,-0.1987,-1.3145,-217.561,-113.293,152.805,1.7221,100851.34
0.7622,-0.5366,-0.5396,-62.866,60.488,53.598,1.0771,100851.58
1.7095,0.041,0.9419,-14.634,144.146,-69.146,1.9522,100851.73
1.4248,0.4053,0.752,-153.293,65.976,-35.732,1.6612,100851.75
0.689,0.1885,-0.2861,-265.427,-27.073,-9.329,0.7695,100851.5
0.8633,0.1113,-0.4131,-231.28,-46.28,-23.963,0.9635,100852.05
0.8833,-0.0239,-0.3643,-166.524,-0.671,-11.402,0.9558,100851.99
0.9883,0.02,-0.2646,-119.085,13.659,4.939,1.0233,100852.32
1.2666,0.1758,-0.3037,-102.927,-5.244,20.854,1.3143,100852.44
1.4849,0.2412,-0.3374,-99.085,-13.902,30.061,1.5417,100852.55
1.1606,0.0361,-0.3354,-76.159,-31.037,48.171,1.2087,100851.88
1.1445,-0.0371,-0.2114,-50.305,-49.085,36.402,1.1645,100852.63
1.104,-0.0493,-0.0898,-41.037,-32.317,20.366,1.1088,100852.2
0.9595,-0.0371,0.0503,-36.098,11.829,5.061,0.9615,100851.62
0.8262,-0.0098,0.2065,-45.366,46.402,-0.366,0.8517,100850.95
0.543,-0.0801,0.1914,-78.293,56.951,12.195,0.5813,100851.19
0.9531,0.0132,0.377,-99.085,-11.707,12.805,1.025,100850.98
1.1445,0.0801,0.2568,-155.366,-35.061,31.463,1.1757,100851.08
1.2515,-0.0005,-0.1719,-150.915,-57.988,27.439,1.2632,100851.78
1.748,0.0981,0.2539,-107.744,-15.0,-19.695,1.7691,100850.91
1.3345,0.041,-0.291,-112.378,17.317,-17.805,1.3665,100851.03
0.9326,0.0889,-0.0527,-55.244,15.854,-15.183,0.9383,100849.99
1.0669,0.1592,-0.0977,-50.732,29.817,-4.939,1.0831,100849.46
0.5605,0.061,-0.3535,-34.329,32.866,47.195,0.6655,100848.91
0.3843,0.0605,0.0205,13.841,-7.134,21.951,0.3896,100849.38
1.2188,-0.0908,-0.1455,-36.463,-4.451,-30.366,1.2308,100848.48
1.1157,-0.1201,-0.1934,-25.061,-21.951,0.915,1.1387,100847.84
0.7256,-0.0728,-0.1743,-9.39,-16.341,44.085,0.7498,100847.47
0.645,-0.1577,-0.3018,-11.89,74.939,52.073,0.7294,100846.7
0.7163,-0.1826,0.3745,11.098,89.329,65.793,0.8287,100847.38
0.6504,-0.0566,0.6182,-44.817,18.476,55.549,0.8991,100847.38
1.2026,0.001,0.5244,-95.854,-50.854,-21.951,1.312,100846.64
1.7246,0.0107,-0.0781,-129.207,-29.878,-61.402,1.7264,100846.33
0.918,-0.127,-0.314,-70.671,-8.598,-26.951,0.9784,100846.97
1.0439,0.0791,-0.0884,-9.146,9.878,-39.329,1.0507,100847.08
0.9058,0.1079,0.0806,13.11,23.78,-6.22,0.9157,100846.53
0.6523,0.1128,-0.0396,32.988,31.585,17.927,0.6632,100847.36
1.1353,0.2598,0.6641,49.512,4.329,0.976,1.3406,100847.12
1.1401,0.0601,0.02,-14.268,-15.0,-0.488,1.1419,100846.7
1.1675,-0.002,0.2217,1.28,-32.683,-21.159,1.1883,100846.62
0.9912,0.0981,-0.1274,-18.415,-70.122,-16.707,1.0042,100846.22
0.7432,-0.0264,-0.1182,-11.829,-80.305,-3.963,0.753,100845.77
1.0278,-0.1743,-0.4482,-33.415,5.671,-12.134,1.1348,100845.56
0.7046,-0.2568,-0.2666,0.0,84.878,15.854,0.7959,100844.68
1.1294,-0.0386,0.1167,13.476,69.329,23.171,1.1361,100844.12
1.2314,0.209,0.4248,-6.707,3.537,40.915,1.3193,100843.06
1.2417,0.0742,0.0293,-50.244,-34.024,12.439,1.2443,100843.03
1.103,-0.0488,-0.4595,-31.341,-10.244,-8.171,1.1959,100843.64
0.7969,0.0278,0.1069,46.402,70.366,-22.256,0.8045,100843.73
0.6602,0.0229,-0.0811,64.756,28.171,7.561,0.6655,100843.53
1.0947,0.187,0.5864,102.439,12.744,5.366,1.2559,100843.64
1.4814,0.0601,0.2437,30.244,-16.646,20.366,1.5025,100843.32
0.8218,0.0063,0.0093,24.268,-37.073,51.89,0.8219,100842.38
0.7207,0.0229,0.144,28.841,-25.488,17.622,0.7353,100842.75
0.8916,-0.0166,-0.1035,16.098,-17.988,-23.963,0.8977,100842.8
1.0474,0.0234,0.3091,20.183,39.634,-48.049,1.0923,100842.7
0.5625,-0.0278,0.1152,-23.232,48.659,-20.854,0.5749,100842.62
1.1167,0.0005,0.5405,-39.207,18.11,-38.171,1.2406,100842.95
1.6255,0.0903,0.0923,-140.61,-11.037,7.927,1.6306,100841.95
0.332,-0.085,-1.1694,-102.683,-65.854,107.012,1.2186,100841.93
1.0566,-0.082,0.8149,75.549,43.841,-21.463,1.3369,100842.07
1.4912,-0.0386,0.4146,-8.293,37.073,-58.049,1.5482,100842.91
0.9917,-0.0898,0.2212,0.976,-29.024,-19.817,1.02,100842.94
1.1558,0.0146,0.1113,0.488,-8.232,-33.415,1.1612,100842.69
0.7188,0.0039,-0.3247,11.22,5.0,8.11,0.7887,100841.64
0.5928,0.1138,0.0898,69.512,34.207,14.024,0.6102,100842.09
1.4053,0.2871,0.8491,67.866,12.073,5.61,1.6668,100841.57
0.9629,0.1968,0.1558,-28.354,-70.854,46.341,0.9951,100841.06
1.5605,0.4116,0.2139,-25.793,-101.463,-1.829,1.628,100841.28
1.4009,0.1001,-0.3438,-60.854,-88.78,8.963,1.4459,100840.36
0.4805,-0.2852,-0.958,-10.854,-30.793,41.524,1.109,100839.04
0.4824,-0.0366,-0.0669,95.0,115.976,12.927,0.4884,100838.19
0.0552,-0.1133,0.3223,90.61,137.988,25.671,0.346,100838.4
1.1167,-0.2144,0.7754,52.561,47.012,-10.305,1.3763,100837.57
1.4336,-0.0742,0.5322,-53.78,15.061,16.768,1.531,100838.43
1.021,-0.1924,-0.0957,-83.232,-7.134,6.524,1.0434,100838.1
1.2168,-0.1089,-0.0386,-14.512,19.695,-50.366,1.2223,100837.49
1.0474,-0.0947,0.4326,43.232,56.402,-61.037,1.1371,100838.24
0.8545,-0.0767,0.5713,28.293,18.78,-44.817,1.0307,100837.6
0.8359,0.0508,0.229,-15.0,-36.707,-21.341,0.8682,100837.35
0.7617,-0.0103,-0.0693,-11.341,-17.683,-7.561,0.7649,100837.41
1.229,0.1475,0.2349,25.976,-1.28,-6.463,1.2599,100837.58
1.2598,0.1304,0.1538,10.061,7.683,25.976,1.2758,100836.81
0.7295,-0.0083,-0.0063,22.927,-10.854,26.037,0.7296,100836.77
1.042,0.2393,0.7954,55.366,-50.854,-23.171,1.3325,100836.46
1.0967,0.085,0.1538,-47.195,-84.39,-32.927,1.1107,100835.62
1.0386,-0.1343,-0.3589,-63.902,-52.256,-9.085,1.107,100834.99
0.6328,-0.1694,-0.4189,-28.11,30.671,29.817,0.7776,100835.02
0.6724,-0.1992,0.0005,18.659,70.732,36.159,0.7013,100835.03
1.2036,0.0718,0.6792,13.415,129.573,47.866,1.3839,100835.04
0.2866,0.0542,0.7246,-56.646,63.78,72.927,0.7811,100834.92
1.04,-0.0986,0.6064,-130.793,-65.854,-44.939,1.208,100835.22
1.6362,-0.0176,-0.0923,-208.293,-81.037,-51.402,1.6389,100835.32
0.5244,-0.3262,-0.9185,-126.402,-44.39,0.671,1.1068,100835.63
1.0078,-0.041,0.7202,29.451,50.183,-95.793,1.2394,100835.0
1.4961,0.0957,0.2725,-58.415,28.293,-77.805,1.5237,100834.19
0.3213,-0.1089,-0.0547,-53.476,-26.28,-10.122,0.3436,100834.41
0.917,-0.0601,0.6357,-33.415,-13.78,-86.829,1.1174,100833.96
1.4678,0.0767,0.8164,-99.573,-55.366,-49.634,1.6813,100833.02
0.4282,0.0083,0.1968,-156.098,-80.915,34.573,0.4713,100830.59
0.6699,-0.0674,0.438,-98.598,-47.805,-31.159,0.8032,100831.47
1.2617,0.1499,0.874,-113.049,-63.232,-44.512,1.5422,100831.52
0.6992,0.1328,0.1162,-183.171,-105.427,10.305,0.7211,100832.3
1.0117,0.0645,0.0859,-155.183,-56.341,-12.988,1.0174,100832.29
0.9844,0.0444,0.1021,-138.78,2.5,7.012,0.9906,100832.38
0.5327,0.0239,0.1689,-126.768,21.22,32.866,0.5594,100832.7
0.7007,0.0698,0.4009,-132.866,17.134,14.695,0.8103,100832.46
1.0977,0.1094,0.6318,-169.207,-18.841,13.11,1.2712,100831.29
1.3198,0.0894,0.1484,-238.78,-43.354,45.976,1.3311,100831.53
0.7563,-0.293,-0.5103,-204.939,-8.659,63.11,0.9583,100832.8
0.9678,-0.3057,0.2754,-103.659,66.402,2.561,1.0516,100832.51
0.9292,-0.1743,0.0825,-119.207,15.854,-6.707,0.949,100832.82
0.9492,-0.1338,0.0195,-115.61,-19.878,-21.707,0.9588,100833.04
0.9731,-0.0952,-0.0703,-110.0,-5.427,-33.72,0.9803,100833.7
0.9722,-0.0562,0.0366,-95.61,-11.646,-25.244,0.9745,100834.53
0.8169,-0.123,-0.2271,-94.451,-17.5,-8.293,0.8567,100834.32
0.8945,-0.1914,-0.3413,-59.939,-17.561,-7.5,0.9764,100834.15
1.3813,0.0005,0.4966,-15.427,-1.402,-10.854,1.4679,100834.77
1.3774,0.0474,0.3853,-55.732,1.037,30.488,1.4311,100834.61
0.8608,0.0532,-0.0713,-49.39,-56.89,74.268,0.8654,100834.73
0.9395,0.2109,0.48,-30.488,-25.915,30.183,1.0758,100834.95
1.2603,0.1978,0.2104,-89.634,-1.707,-10.061,1.2929,100834.37
1.3042,0.2773,0.103,-104.39,-18.598,10.854,1.3373,100834.55
0.7041,0.1279,0.0205,-93.415,11.463,26.646,0.7159,100834.2
0.5547,0.0479,0.1211,-79.39,42.683,-12.805,0.5698,100833.68
0.5234,-0.0229,0.0747,-82.073,11.159,-37.805,0.5292,100833.91
0.6089,0.0342,0.0049,-93.841,-24.573,-40.488,0.6099,100834.2
0.7563,0.0684,-0.1709,-113.963,-13.537,-25.488,0.7784,100834.31
0.897,0.0542,-0.21,-100.671,4.939,10.61,0.9228,100834.13
1.1802,0.0962,0.1963,-62.683,13.659,28.72,1.2002,100834.13
0.8145,-0.1064,-0.0474,-67.866,74.573,12.378,0.8227,100834.38
0.8926,-0.1152,-0.2046,-16.89,22.622,-39.39,0.9229,100833.7
2.043,0.2178,0.5254,42.622,-54.817,-72.683,2.1207,100834.78
1.4814,0.0459,0.2363,4.817,35.122,-7.012,1.5009,100835.59
0.5264,-0.1372,0.0029,-4.512,68.049,32.866,0.544,100835.95
0.5425,-0.0195,0.1362,-5.732,3.659,21.951,0.5597,100837.19
0.6738,-0.0298,0.2251,-35.244,-60.488,25.976,0.7111,100836.76
1.1841,-0.0591,0.0562,-49.268,-91.402,30.427,1.1869,100837.67
1.0264,-0.1074,-0.1465,-40.854,5.244,48.354,1.0423,100837.01
1.0464,0.1519,0.2046,14.268,47.927,1.341,1.077,100837.98
1.79,0.5322,0.6328,-23.72,53.232,-37.195,1.9718,100837.59
0.7192,0.1211,-0.3193,-99.573,31.646,30.427,0.7962,100837.81
0.0815,-0.083,0.0122,-36.829,31.22,-4.39,0.117,100838.09
1.1992,0.0718,0.3311,-50.671,18.963,-75.183,1.2461,100837.91
1.2783,0.0864,-0.4634,-98.415,-31.28,4.024,1.3625,100838.3
0.5415,0.041,-0.0088,-12.378,-46.402,52.012,0.5431,100839.2
1.1782,-0.0977,0.3066,5.366,25.366,-33.78,1.2214,100839.13
1.2866,0.1763,0.4033,90.488,-2.439,-54.817,1.3598,100838.2
1.3423,0.1958,0.4561,49.207,49.146,-51.951,1.4311,100838.34
0.6689,-0.0273,0.1558,7.439,21.829,6.402,0.6874,100839.59
0.4858,-0.1147,0.2329,-19.756,-7.195,15.427,0.5509,100839.92
0.8315,0.1143,0.2695,-45.549,-45.976,13.72,0.8816,100840.04
1.0347,0.1309,0.3828,-60.549,-72.195,14.695,1.1109,100840.86
0.9497,-0.1636,-0.4663,-82.561,-30.122,-4.878,1.0706,100840.5
1.1079,-0.0825,-0.0874,8.293,17.195,-32.134,1.1144,100840.95
1.2939,0.125,0.4004,18.902,62.195,-27.805,1.3602,100841.55
0.5103,-0.019,-0.1357,-25.671,36.037,28.963,0.5283,100841.27
0.8027,0.0181,0.3828,-13.598,-0.366,15.61,0.8895,100841.3
1.3071,0.0327,0.4277,-55.122,-18.78,11.89,1.3757,100841.31
0.7778,-0.1123,-0.3994,-53.232,-29.878,17.439,0.8816,100841.33
1.3955,0.2061,0.1045,30.854,-30.976,-47.073,1.4145,100841.57
1.5981,0.1104,-0.04,49.634,1.524,-57.317,1.6025,100843.37
1.0903,0.0186,-0.0293,79.207,34.085,-9.39,1.0909,100843.61
0.5576,0.0615,0.4761,80.0,25.61,25.549,0.7358,100843.16
0.5073,0.0122,0.3677,6.646,-20.793,20.244,0.6267,100842.81
0.9541,0.0732,0.1758,-34.939,-54.695,6.402,0.9729,100843.41
0.9604,0.02,-0.1836,-37.622,-16.768,12.561,0.978,100843.48
0.8315,-0.0083,0.1646,19.146,6.646,-16.951,0.8477,100843.3
1.604,0.1743,0.4082,5.854,12.195,-60.61,1.6643,100843.64
0.8872,0.0596,-0.082,-9.634,19.878,-8.902,0.893,100843.88
0.5024,0.0527,0.3467,15.488,61.22,-12.683,0.6127,100844.7
1.1885,-0.0195,0.2271,-38.963,48.78,-16.341,1.2101,100843.73
1.0635,0.1069,0.0103,-40.793,14.024,54.573,1.0689,100843.48
0.9233,0.1084,0.375,-15.976,12.866,48.232,1.0025,100842.54
1.0308,0.0264,-0.3325,-44.207,-15.671,26.037,1.0834,100842.21
0.8232,0.0776,-0.1191,46.22,-27.805,1.646,0.8354,100843.06
1.3823,0.2651,0.5713,84.268,23.415,-56.28,1.519,100843.83
0.9805,0.0938,0.4976,21.951,17.134,-17.439,1.1035,100844.9
0.7266,0.002,-0.0405,-43.354,-33.415,24.878,0.7277,100845.32
0.9321,0.104,0.3857,-17.5,-55.854,35.122,1.0141,100846.52
1.1069,0.0898,0.209,-49.451,-7.256,18.78,1.1301,100846.94
0.6396,-0.0684,-0.6416,-36.585,-16.341,1.951,0.9086,100846.87
1.4263,0.3086,0.5176,57.134,-14.024,-77.256,1.5483,100847.45
1.4736,0.2319,0.2412,-10.732,21.341,-52.256,1.5111,100848.14
0.5317,-0.0527,-0.5269,-22.378,28.841,20.061,0.7504,100848.15
0.4102,0.0635,0.1714,40.488,70.061,17.134,0.449,100847.88
1.0898,0.2812,0.9312,22.378,21.037,-0.732,1.4608,100846.97
1.4971,0.2041,0.8984,-84.512,-61.037,12.988,1.7579,100847.87
0.8901,-0.1108,-0.6504,-130.61,-67.439,22.256,1.108,100847.19
1.0596,0.0718,0.2812,-0.061,7.683,-53.963,1.0986,100848.16
1.3452,0.0859,0.2031,-20.427,18.293,-83.72,1.3632,100848.16
0.8638,-0.0801,-0.5498,-49.451,-33.11,-28.171,1.027,100848.03
0.8203,0.0259,-0.1104,-6.524,-42.866,9.207,0.8281,100847.95
0.9507,0.0688,0.269,-13.659,-35.915,31.159,0.9904,100847.64
1.0303,0.1367,0.7881,-25.915,-44.939,48.049,1.3043,100847.99
0.5571,-0.0889,0.3169,-89.695,-14.024,20.122,0.6471,100849.39
0.9126,-0.0601,0.106,-85.732,-53.415,-32.866,0.9207,100849.96
0.9658,0.0601,0.6157,-80.305,-58.78,-31.402,1.147,100850.14
1.042,-0.0488,0.5801,-159.878,-75.732,-1.585,1.1936,100850.13
1.6885,0.2236,0.6445,-236.341,-118.049,54.939,1.8211,100850.15
1.0942,-0.0464,-0.4038,-301.951,-71.037,120.732,1.1673,100850.41
0.5303,-0.4307,-0.0854,-215.366,0.427,81.707,0.6884,100849.71
1.6836,-0.0645,0.6465,-189.634,-9.207,-40.732,1.8046,100849.32
1.8872,-0.0645,-0.3467,-225.427,-14.817,-75.0,1.9199,100850.16
1.8174,-0.0913,-0.8188,-157.805,32.744,-53.232,1.9954,100850.64
0.8618,-0.1646,-0.5806,-61.89,83.171,11.829,1.0521,100850.74
0.3232,-0.1743,-0.1958,-9.268,99.939,18.659,0.4162,100850.7
0.4053,-0.1694,0.3042,-14.817,97.439,-24.207,0.5343,100851.05
1.4429,0.1104,0.9663,-55.427,23.841,-45.061,1.7401,100850.57
1.4604,0.3213,1.1646,-147.683,-34.329,15.183,1.8953,100851.09
1.0239,0.3228,-0.1001,-255.122,-90.427,47.195,1.0782,100850.48
1.1523,0.2422,0.0229,-185.732,-165.854,49.207,1.1777,100850.64
1.0938,0.0781,-0.2158,-165.427,-113.598,54.878,1.1176,100850.53
0.939,-0.0938,-0.1665,-138.171,-23.232,31.402,0.9582,100850.33
1.2236,0.0127,0.2617,-131.159,52.5,-9.512,1.2514,100849.79
0.9795,-0.0117,-0.0483,-157.073,77.317,11.463,0.9808,100849.99
0.668,-0.1094,-0.0522,-121.159,32.256,58.049,0.6789,100850.66
0.6255,-0.167,0.667,-99.512,8.171,64.878,0.9295,100850.27
0.8447,-0.04,0.5273,-168.11,17.134,20.244,0.9966,100849.85
1.3389,0.0742,0.4189,-175.0,-26.585,-18.476,1.4048,100850.45
1.4155,0.0332,0.1904,-177.744,-22.927,-33.232,1.4287,100850.72
1.2002,0.0864,-0.4883,-116.463,-11.951,-42.561,1.2986,100850.59
1.3149,0.1123,0.3291,-19.146,58.049,-80.061,1.3601,100850.73
1.1562,-0.0371,0.0562,-28.11,83.11,-58.841,1.1582,100849.2
0.7505,0.0483,-0.022,-0.915,38.415,8.537,0.7524,100848.82
0.7432,0.1045,0.3735,10.488,37.073,25.854,0.8383,100848.9
0.7734,-0.021,0.1201,-33.293,28.232,22.927,0.783,100849.1
0.8584,-0.002,-0.0229,-40.549,-28.902,20.671,0.8587,100848.73
0.9575,0.0674,0.0454,-23.049,-36.402,-14.817,0.961,100848.0
1.5522,-0.0166,-0.3379,-27.622,-73.232,-55.488,1.5887,100848.45
1.1504,-0.1279,-0.4199,17.988,-129.817,-9.451,1.2313,100847.64
1.3198,0.1367,0.644,57.073,-22.439,-30.122,1.4749,100847.8
