ax,ay,az,gx,gy,gz,avm,pressure
0.5728,-0.0293,0.5083,-77.195,-12.561,-6.463,0.7663,100854.84
1.5601,-0.1587,0.8179,-127.683,-53.476,-57.256,1.7686,100854.41
1.4189,-0.3896,-0.0957,-201.037,-103.354,-23.415,1.4746,100854.58
1.4053,-0.373,-0.187,-127.439,-66.829,-42.195,1.4659,100855.21
1.666,-0.1514,0.1802,-100.915,18.11,-85.793,1.6826,100856.19
1.4541,-0.1172,-0.2412,-129.939,10.366,-42.073,1.4786,100856.8
0.752,-0.1099,0.0303,-82.744,14.634,11.037,0.7605,100856.5
0.604,-0.1523,0.3955,-77.378,47.439,-5.793,0.7379,100855.54
0.623,-0.0044,0.4272,-121.951,42.561,-15.488,0.7555,100856.3
0.8564,0.2158,0.6279,-157.378,-6.341,-35.183,1.0837,100855.38
1.2534,0.2036,0.4355,-222.073,-42.073,-48.293,1.3425,100855.05
1.0615,0.0864,-0.3042,-249.451,-87.805,-5.427,1.1076,100855.82
1.0649,0.0107,-0.4526,-150.854,-56.829,-4.695,1.1572,100855.77
1.2563,0.1196,0.2632,-72.988,-18.598,-27.805,1.2892,100855.1
1.8623,0.2607,0.2383,-101.646,-48.293,-42.622,1.8955,100855.34
1.7168,0.1997,-0.0415,-115.122,-62.256,-0.793,1.7289,100856.04
1.0625,0.0664,-0.0996,-90.366,-56.89,39.634,1.0692,100855.94
0.8413,0.0688,0.0,-72.866,-8.476,20.061,0.8441,100855.62
0.8701,0.0718,-0.1216,-66.463,15.183,16.524,0.8815,100855.76
0.7324,0.0073,-0.0044,-43.902,19.39,42.378,0.7325,100854.51
0.8613,-0.0151,0.269,-39.329,15.488,45.0,0.9025,100854.55
1.1226,-0.0215,0.1753,-62.012,-14.207,44.512,1.1364,100854.84
1.0923,-0.0132,0.2925,-61.28,-27.195,31.585,1.1308,100855.07
1.2812,0.0522,0.1895,-79.207,-29.512,-17.195,1.2962,100854.49
0.8149,-0.0615,-0.0566,-27.683,14.695,-18.841,0.8192,100853.91
0.6714,-0.0635,-0.0693,-9.512,36.159,-17.988,0.6779,100854.48
0.606,-0.0439,0.0493,2.866,27.561,-8.232,0.6095,100853.81
1.041,0.1118,0.2319,-11.646,-9.512,-3.171,1.0724,100853.29
1.5449,0.249,0.1226,-51.89,-45.549,21.22,1.5697,100853.15
0.8223,0.0449,-0.2476,-70.305,-31.768,53.72,0.8599,100852.16
0.8613,0.0215,-0.2935,-25.427,-41.768,11.829,0.9102,100851.55
1.1309,0.165,0.0156,14.573,-54.756,-19.939,1.1429,100852.2
1.3135,0.0972,0.2197,18.049,10.488,-32.195,1.3353,100852.69
0.9229,0.0107,0.1382,-5.732,54.756,24.39,0.9332,100852.68
0.3018,-0.0918,-0.2104,-28.354,43.354,77.012,0.3792,100853.18
0.4038,-0.1475,0.1489,-5.0,15.122,48.354,0.455,100853.07
0.9258,-0.0928,0.2451,-37.622,-1.646,16.768,0.9622,100853.11
0.9355,-0.0576,-0.0898,-75.732,-15.366,32.988,0.9416,100853.27
1.0166,-0.0723,0.1245,-47.561,-11.22,19.451,1.0267,100852.52
1.3481,0.0386,0.2285,-58.72,17.683,-7.073,1.3679,100852.2
1.085,-0.002,-0.0146,-68.963,18.78,-9.207,1.0851,100851.84
1.2563,0.0591,0.1235,-35.549,-10.854,-61.341,1.2638,100852.06
1.4883,0.1196,0.271,-23.476,-12.073,-104.573,1.5175,100850.38
1.3667,0.0264,-0.085,-34.512,7.012,-78.354,1.3696,100850.47
0.8555,-0.0688,-0.5166,-11.829,24.146,-10.427,1.0017,100850.78
0.3721,-0.0703,-0.3506,54.024,52.561,24.39,0.516,100850.4
0.4917,0.0215,0.0796,92.195,67.866,4.207,0.4986,100850.59
1.1504,0.1973,0.415,23.293,-17.622,-9.756,1.2388,100850.67
1.4126,0.1118,-0.2642,-33.598,-49.695,-7.012,1.4414,100851.57
1.0898,0.0029,-0.4414,20.488,-58.963,21.341,1.1758,100851.38
1.0093,0.0,0.0562,69.634,-8.659,-8.476,1.0108,100851.71
1.1846,0.0835,0.0605,46.768,48.598,-14.451,1.1891,100849.85
0.6768,-0.0083,0.0381,19.939,65.305,39.085,0.6779,100848.86
0.6123,-0.1484,0.1294,-0.549,47.439,40.976,0.6432,100848.98
1.1636,-0.0356,0.4731,-19.329,3.537,21.22,1.2566,100848.67
1.2617,0.0625,0.3711,-69.817,-49.146,24.695,1.3166,100847.95
1.3193,0.0078,-0.1162,-82.378,-44.878,6.402,1.3245,100847.3
1.1191,-0.0791,-0.123,-19.756,-10.427,2.744,1.1287,100847.28
0.9019,-0.1074,-0.0732,30.366,42.317,-8.78,0.9112,100847.01
0.7549,-0.0293,0.1343,62.256,75.366,-17.561,0.7673,100847.2
0.5591,0.0566,0.4224,74.146,61.22,-14.085,0.703,100847.2
0.689,0.064,0.6133,37.378,30.305,-25.732,0.9246,100847.32
1.2393,0.1548,0.4438,-32.439,-50.732,-20.305,1.3254,100846.19
1.4238,0.1006,0.2495,-61.037,-72.256,7.439,1.449,100846.45
1.1685,0.0786,-0.2129,-59.207,-47.134,29.573,1.1903,100846.27
0.9541,0.0513,-0.2046,6.89,-46.463,23.72,0.9771,100845.16
0.9009,0.0674,0.0884,37.317,-18.11,-10.854,0.9077,100846.05
0.9263,0.0425,0.3657,25.122,45.549,-29.085,0.9968,100846.59
0.7661,-0.0088,0.1631,-26.585,44.451,2.866,0.7833,100847.12
0.6626,-0.0439,-0.0601,-56.037,12.195,31.341,0.6668,100846.41
0.5415,-0.1553,-0.105,-59.939,11.829,31.463,0.573,100845.64
1.0498,-0.0435,0.0234,-44.939,4.024,6.646,1.051,100845.69
1.3735,0.0312,0.3662,-34.024,-18.232,14.939,1.4219,100845.34
1.2739,-0.0317,-0.1641,-76.89,-32.5,32.256,1.2848,100844.1
0.9341,-0.1401,-0.3848,-24.024,-19.756,32.683,1.0199,100844.41
0.8706,-0.0234,0.1172,47.256,11.768,-20.122,0.8788,100844.62
1.0757,0.1021,0.4546,54.268,43.232,-77.256,1.1722,100844.67
1.0942,0.0562,0.3472,23.476,49.024,-61.463,1.1494,100844.71
0.9507,-0.0005,0.1055,3.963,54.329,-2.866,0.9565,100844.0
0.6885,0.0161,0.3535,27.5,45.915,22.5,0.7741,100844.2
1.1479,0.1445,0.6284,16.098,12.439,-17.378,1.3167,100844.48
1.2979,0.0986,0.1519,-46.463,-24.512,-0.976,1.3104,100843.08
0.9229,-0.0112,-0.4521,-17.256,-113.232,39.268,1.0277,100842.64
1.0913,0.1685,0.0303,53.293,-115.976,3.171,1.1046,100841.58
1.2915,0.1885,0.0571,38.963,-34.756,-24.939,1.3064,100841.03
0.9795,0.0078,0.144,30.488,24.329,-7.683,0.9901,100841.6
0.6748,-0.0049,0.0269,8.476,42.805,13.354,0.6754,100841.65
0.5591,-0.0425,0.0161,-0.427,39.512,26.037,0.5609,100840.45
0.6172,-0.1118,0.2227,-2.744,26.22,14.207,0.6656,100840.55
1.292,0.0063,0.4399,-24.207,-13.841,-12.439,1.3649,100839.88
1.4565,0.0039,0.1382,-67.866,-39.695,5.366,1.4631,100840.0
1.2109,-0.1011,-0.2783,-42.134,-25.427,13.598,1.2466,100840.07
0.9946,-0.0591,-0.0127,22.927,20.915,-10.61,0.9965,100839.27
1.0127,0.0015,0.1382,41.829,41.341,-39.512,1.0221,100838.79
0.9712,0.0386,0.1353,42.195,38.598,-31.402,0.9813,100839.16
0.7847,0.0845,0.0542,39.695,38.78,0.61,0.7911,100839.95
0.6782,0.0996,0.2651,30.427,17.622,18.963,0.735,100838.43
0.9692,0.0273,0.4604,15.915,-9.512,-21.341,1.0734,100838.16
1.3315,0.1357,0.3037,-27.866,-46.89,-23.598,1.3725,100837.48
1.1924,0.1367,-0.084,-27.012,-71.402,2.744,1.2031,100837.07
1.0781,0.1006,0.2354,-2.256,-37.5,-17.378,1.1081,100837.52
1.1777,0.1118,0.2471,-26.22,12.256,-24.634,1.2086,100837.74
0.7583,0.1187,0.0273,-48.598,13.659,25.366,0.768,100837.4
0.5508,-0.0205,-0.1011,-48.598,-9.268,37.195,0.5604,100836.81
0.9536,-0.1313,0.0371,-32.866,5.061,17.012,0.9633,100837.59
1.0049,-0.1089,0.2466,-23.659,25.061,31.159,1.0404,100836.84
0.9629,-0.1885,0.3687,-41.951,10.122,21.524,1.0481,100836.15
1.2344,-0.2046,0.1431,-80.061,-24.817,-7.744,1.2594,100836.22
1.1772,-0.2188,-0.1719,-67.988,-28.476,-12.561,1.2097,100836.3
1.1484,-0.1606,0.1191,-13.049,10.915,-39.939,1.1657,100835.85
1.1982,-0.0303,0.2437,-11.098,12.927,-54.146,1.2231,100835.65
0.7085,-0.0386,-0.0581,-26.22,-1.22,-29.634,0.7119,100835.84
0.5796,-0.0479,0.0303,0.427,9.146,-30.183,0.5823,100835.25
0.8984,-0.0815,0.1079,-0.122,-3.11,-25.427,0.9086,100835.18
0.8613,-0.0703,0.2031,-10.366,-38.232,10.793,0.8877,100835.87
0.8481,0.0234,0.5679,-15.793,-50.183,17.012,1.021,100836.49
0.9375,0.1157,0.6274,-74.634,-51.768,7.927,1.134,100835.48
0.8071,0.1025,0.2979,-135.427,-79.024,5.427,0.8664,100834.97
1.0166,0.1089,0.1289,-129.634,-68.171,-20.061,1.0305,100834.6
1.0918,0.105,0.4155,-115.427,-28.72,-28.354,1.1729,100834.32
0.9292,0.0332,0.0991,-147.561,-5.61,-11.89,0.9351,100834.23
0.7744,0.0298,0.1763,-140.305,-5.61,5.488,0.7948,100835.03
0.7437,0.062,0.2788,-149.878,-1.951,6.159,0.7966,100835.13
0.7158,0.0825,0.1904,-169.329,-13.049,10.122,0.7453,100835.34
1.0103,0.1421,0.2129,-182.988,-37.195,15.0,1.0422,100835.36
1.3223,0.0693,0.0781,-208.049,-23.354,33.72,1.3264,100835.37
0.8179,-0.2314,-0.396,-188.354,-6.098,45.671,0.9377,100835.75
0.9482,-0.1909,0.2476,-103.476,12.317,-16.159,0.9984,100836.16
1.3003,-0.001,0.1758,-140.915,-11.28,-34.085,1.3121,100835.98
0.9409,-0.0376,-0.3096,-164.268,-32.073,7.866,0.9912,100835.46
0.7832,-0.0571,-0.0801,-113.902,-3.476,-0.122,0.7894,100835.23
1.0991,0.0259,0.1104,-109.634,-8.537,-16.28,1.1049,100835.16
1.0298,0.0439,-0.1152,-128.659,-54.695,16.463,1.0371,100836.0
0.8198,-0.0312,-0.2715,-121.402,-38.659,29.39,0.8642,100835.63
0.6943,-0.0181,-0.1743,-91.402,-9.573,22.195,0.7161,100836.45
1.0806,0.0684,0.2002,-70.366,-10.671,5.122,1.1011,100835.33
1.4917,0.1313,-0.0049,-87.439,-14.695,27.683,1.4975,100834.85
0.9287,0.1084,-0.0923,-52.439,-36.768,87.744,0.9396,100834.75
0.8115,0.0767,0.2275,-24.085,32.805,43.963,0.8463,100835.05
0.9409,0.1304,0.3496,-50.244,42.866,-4.573,1.0122,100835.52
0.98,0.1963,0.3242,-95.61,-12.927,-17.988,1.0507,100834.89
0.9365,0.1421,0.0078,-134.512,-1.646,-23.963,0.9473,100836.28
0.7026,0.0308,-0.2422,-119.573,34.329,-16.341,0.7438,100837.06
0.4819,0.0884,-0.0288,-82.073,36.585,-9.695,0.4908,100836.91
0.6436,0.1011,0.0615,-90.366,6.037,-21.768,0.6543,100836.66
1.1445,0.2051,0.0674,-107.927,-20.488,-20.183,1.1647,100836.34
1.2729,0.1328,0.27,-97.805,-11.341,5.671,1.308,100835.86
1.2266,0.0078,-0.0464,-103.171,13.171,8.78,1.2275,100835.38
0.9258,0.0664,-0.0083,-53.049,-14.451,10.0,0.9282,100835.65
1.1973,0.1079,0.0239,-29.146,-11.402,-34.756,1.2024,100836.44
1.5845,-0.0342,0.0034,-18.232,16.463,-41.28,1.5848,100837.04
0.9756,0.0093,0.1572,3.902,27.622,17.378,0.9882,100836.62
0.5503,-0.1147,0.2368,-11.768,19.878,31.037,0.61,100837.28
0.7505,-0.0605,0.2715,-39.817,-15.488,25.732,0.8004,100837.43
1.0454,0.1577,0.0889,-64.695,-50.244,40.976,1.061,100837.78
0.8618,0.0205,-0.3838,-76.159,-25.244,52.073,0.9436,100838.28
0.6611,-0.0127,-0.3486,-21.585,7.378,29.756,0.7475,100838.29
1.0864,0.1968,0.3623,21.585,17.317,-38.598,1.162,100839.43
1.5815,0.2471,0.3667,-21.341,13.902,-50.427,1.6422,100840.5
0.897,0.0337,-0.1333,-49.756,-0.061,13.963,0.9074,100840.32
0.4648,-0.1475,-0.2744,-30.488,4.085,25.305,0.5596,100840.05
0.8247,0.0054,0.1045,0.976,-0.366,6.341,0.8313,100839.5
1.4067,0.1519,0.5405,-5.305,-20.488,-10.305,1.5146,100838.84
1.3442,-0.0259,-0.0063,-50.732,-25.915,-3.171,1.3445,100839.2
1.3643,-0.0396,-0.1572,-21.098,-36.463,-18.659,1.3739,100840.09
1.6943,-0.0288,-0.2144,4.695,-6.768,-31.463,1.7081,100840.63
1.0156,-0.1006,-0.4102,44.024,35.061,20.976,1.0999,100840.8
0.2583,0.0293,-0.0488,88.293,62.927,50.793,0.2645,100841.55
0.5015,-0.0527,0.1099,62.927,60.793,15.0,0.5161,100840.98
0.8091,0.0312,0.2651,24.085,13.841,21.829,0.852,100841.41
0.6406,0.1328,0.4736,-5.976,-27.744,37.805,0.8077,100841.62
0.481,-0.0693,0.1875,-42.134,-28.171,-9.329,0.5208,100841.27
1.103,-0.0557,0.0967,-37.927,-56.646,-81.585,1.1087,100841.61
1.7041,0.0947,0.2124,-20.244,-28.11,-94.146,1.7199,100842.88
1.1919,0.0098,-0.0332,-10.732,50.549,-28.902,1.1924,100844.19
0.7036,-0.0439,0.0767,7.927,48.11,28.171,0.7091,100843.81
0.7329,-0.0273,0.1826,-6.341,25.427,52.561,0.7558,100844.64
0.7861,0.1211,0.4497,-18.78,2.683,40.671,0.9137,100843.91
1.5366,0.0605,0.5474,-56.098,-29.695,-14.878,1.6323,100843.61
1.207,-0.1768,-0.3613,-83.415,-21.098,-13.415,1.2723,100844.12
1.4932,-0.0474,-0.0894,-14.207,-42.378,-38.72,1.4966,100844.75
1.4443,-0.0566,-0.2373,-6.098,19.573,-29.085,1.4648,100846.23
0.4946,-0.0889,-0.3267,26.402,57.561,25.671,0.5994,100845.6
0.312,-0.0776,0.0654,47.683,32.622,9.756,0.3281,100844.99
1.0693,0.0059,0.3511,1.22,2.744,-18.72,1.1255,100846.02
1.2095,0.1367,0.0859,-38.049,-51.585,33.232,1.2202,100847.28
0.9453,-0.0444,-0.0308,-26.524,-23.354,47.134,0.9469,100846.39
0.7378,0.0234,0.0977,7.683,1.707,10.061,0.7446,100846.34
1.3921,0.1479,0.6855,15.366,-21.22,-46.707,1.5588,100847.13
1.3354,-0.002,-0.0688,-49.817,2.5,-19.024,1.3372,100847.75
0.4243,-0.1108,-0.4507,-23.963,40.854,34.39,0.6288,100847.08
0.2461,-0.0825,-0.1118,20.793,47.256,20.488,0.2826,100846.46
1.0327,0.0503,0.5405,25.183,16.341,-22.134,1.1667,100846.23
1.7412,0.0713,1.0322,-28.963,-5.244,-25.732,2.0254,100846.44
1.2329,-0.1318,-0.3174,-142.378,-12.927,10.305,1.2799,100847.56
0.7041,-0.1431,-0.5679,-32.805,-62.927,-3.11,0.9158,100848.79
1.5723,0.1084,0.3174,62.988,-20.244,-72.012,1.6076,100848.61
1.3276,0.0278,0.0298,48.11,48.902,-18.415,1.3283,100848.7
0.5957,-0.0176,-0.1221,63.232,36.28,54.695,0.6083,100848.4
0.4941,-0.0571,0.1123,76.829,-1.22,62.378,0.51,100848.18
0.7563,0.001,0.5562,38.902,-14.512,39.512,0.9388,100849.5
0.9502,0.0181,0.2817,-28.963,-8.963,22.5,0.9912,100849.49
0.6475,-0.1382,0.0073,-27.134,25.305,-4.512,0.6621,100850.12
0.8242,0.0039,0.25,1.341,11.463,-73.78,0.8613,100850.07
1.5347,0.1738,0.522,-11.402,-9.939,-126.098,1.6303,100850.66
1.436,0.1689,0.1997,-65.61,-3.902,-69.146,1.4597,100851.21
0.98,0.0518,0.0537,-85.427,17.012,24.817,0.9828,100851.51
0.6064,-0.1372,-0.1938,-105.671,16.951,54.512,0.6513,100851.25
0.7124,-0.0093,0.0454,-74.329,-25.671,29.695,0.7139,100850.8
1.4302,-0.0308,0.814,-54.512,-77.134,-2.5,1.6459,100850.73
1.4224,-0.1499,0.1006,-160.427,-82.378,4.695,1.4338,100850.29
1.0869,-0.2451,-0.9126,-137.988,-56.037,7.683,1.4402,100850.94
1.1875,-0.1968,-0.1201,-4.207,4.878,-23.902,1.2097,100852.05
1.041,-0.0591,0.0718,-4.39,45.488,-23.354,1.0452,100851.41
0.6206,-0.0327,0.0112,-19.756,44.085,-2.012,0.6216,100851.41
0.4321,-0.1094,0.0991,-30.549,17.683,-6.463,0.4566,100851.19
0.6919,-0.0435,0.3687,-47.378,-21.829,-29.817,0.7852,100851.87
1.415,0.1514,0.7227,-82.927,-57.134,-33.415,1.5961,100852.62
1.3901,0.0469,0.1431,-157.134,-61.768,10.061,1.3983,100852.69
0.9995,-0.1494,-0.1274,-109.085,-28.049,15.671,1.0186,100851.88
1.0771,-0.062,0.5776,-50.732,22.988,-40.854,1.2238,100852.13
1.2383,0.1704,0.3892,-102.195,3.78,-45.305,1.3091,100852.32
1.0151,0.2324,0.3584,-131.463,12.866,7.256,1.1014,100852.46
0.7124,0.1333,0.2222,-176.646,31.524,35.244,0.7581,100852.56
0.6313,0.1445,0.2007,-197.744,10.671,37.378,0.6781,100853.16
1.2358,0.1924,0.3691,-205.488,5.061,25.915,1.3041,100853.59
1.0879,0.106,0.144,-240.061,-13.232,68.171,1.1025,100853.68
0.3994,-0.2827,-0.5386,-240.671,-50.671,45.366,0.7277,100853.48
1.2681,-0.3159,-0.4277,-128.78,-88.232,-92.866,1.375,100853.84
2.0889,0.0889,-0.042,-86.159,-41.829,-141.585,2.0912,100854.12
1.6919,-0.0151,-0.438,-105.183,43.171,-56.89,1.7477,100854.06
0.6626,-0.1074,-0.3843,-58.415,81.22,33.171,0.7735,100854.66
0.1689,0.0068,0.0684,-19.817,121.829,20.0,0.1824,100855.73
0.5801,0.0215,0.52,-33.963,85.976,-47.561,0.7793,100857.27
1.3164,0.0449,0.6401,-108.963,-0.793,-60.427,1.4645,100857.44
1.1958,0.1001,0.1528,-180.427,-69.451,-9.207,1.2097,100857.56
1.4248,0.0322,-0.188,-169.512,-88.598,-8.72,1.4375,100857.16
1.4956,-0.0591,-0.46,-100.854,-98.11,4.573,1.5659,100857.12
1.6318,-0.0293,-0.4668,-23.11,-77.988,19.573,1.6975,100856.7
1.4268,-0.0781,-0.127,43.171,-9.634,35.061,1.4345,100855.91
1.1206,-0.0244,0.5664,63.232,47.927,37.988,1.2559,100855.44
0.8149,0.0859,0.6323,-10.671,38.354,60.793,1.0351,100854.95
0.4604,-0.0137,0.3164,-96.341,40.183,65.549,0.5588,100854.48
0.209,-0.1729,0.0361,-140.244,58.72,26.829,0.2736,100854.61
0.6611,-0.1562,0.0479,-137.439,18.11,-25.244,0.681,100854.72
1.3125,-0.061,0.1709,-159.878,-41.951,-49.024,1.325,100854.16
1.5547,-0.0288,-0.0225,-131.829,-35.61,-49.512,1.5551,100853.88
1.5571,-0.0034,0.2812,-77.866,-0.671,-55.488,1.5823,100853.78
1.7183,-0.0947,-0.0513,-82.5,24.634,-47.805,1.7216,100854.11
0.9634,-0.1602,-0.7046,-39.329,53.659,34.756,1.2042,100853.83
0.0469,-0.0308,-0.1367,76.28,75.732,67.195,0.1478,100853.51
0.5283,0.1826,0.7271,95.488,65.549,-10.305,0.9171,100853.62
1.1714,0.2305,0.5234,-0.122,6.646,-22.256,1.3036,100853.72
0.834,0.1465,0.019,-52.988,-76.768,18.11,0.847,100854.01
1.1094,0.0635,0.1411,-32.927,-124.146,-10.366,1.1201,100853.25
1.6616,-0.0688,-0.3408,-31.768,-78.841,-31.646,1.6976,100853.29
1.3647,-0.0825,-0.3423,36.89,21.768,0.793,1.4094,100852.46
1.0352,0.1216,0.2866,84.878,101.829,15.976,1.081,100852.59
0.834,0.1343,0.4404,33.232,117.744,39.939,0.9526,100852.66
0.5771,-0.0708,0.3003,-35.732,69.756,80.549,0.6544,100852.76
0.167,-0.1309,0.3271,-81.098,11.707,68.902,0.3899,100852.32
0.5469,-0.1289,0.2183,-123.902,-22.988,-13.659,0.6028,100852.01
0.9775,-0.1592,0.1099,-132.561,-39.024,-64.329,0.9965,100852.02
1.417,-0.2148,0.1099,-107.5,-39.939,-71.646,1.4374,100851.54
1.2344,-0.3726,-0.1978,-56.768,3.902,-35.549,1.3044,100852.3
1.1841,-0.208,0.1006,24.085,48.902,-31.037,1.2064,100851.76
1.0776,-0.0112,0.3164,50.61,86.646,-20.793,1.1232,100850.98
0.7905,0.021,0.4575,46.768,45.915,14.39,0.9136,100851.04
0.7847,0.0991,0.4033,8.476,-17.256,24.756,0.8878,100850.8
1.1284,0.1636,0.0239,-11.402,-69.756,14.207,1.1405,100850.77
1.2412,0.2026,0.1787,26.402,-58.293,2.683,1.2703,100851.22
1.2031,0.0923,0.1016,27.866,-26.463,-6.037,1.2109,100851.32
0.7974,-0.0312,-0.0493,47.012,-59.024,7.439,0.7995,100851.02
1.0234,-0.0244,0.3774,59.329,-7.134,-23.293,1.0911,100850.93
0.9048,-0.0825,0.0332,19.207,55.915,-3.598,0.9091,100850.84
0.415,-0.1519,0.1123,27.683,45.732,27.866,0.456,100850.32
0.8911,-0.1079,0.582,4.024,23.171,-5.366,1.0698,100850.64
1.0117,0.0361,0.1709,-92.012,-30.244,8.963,1.0267,100850.77
1.1606,-0.0986,-0.0195,-103.72,-99.939,10.793,1.165,100849.73
1.3716,-0.2739,-0.1787,-68.841,-60.915,-12.5,1.41,100849.47
1.0024,-0.167,0.041,23.354,0.061,-27.134,1.0171,100850.26
1.1826,0.0835,0.7549,51.829,1.768,-71.28,1.4055,100850.47
1.4966,-0.0464,0.1143,-47.927,2.195,-65.305,1.5017,100850.48
0.7822,-0.1104,-0.4326,-40.183,11.646,12.927,0.9007,100849.66
0.4692,0.063,-0.0352,38.78,45.732,23.476,0.4748,100849.04
0.9541,0.1157,0.1826,51.524,53.232,-3.902,0.9783,100848.58
1.2119,0.2432,0.3926,33.171,15.915,13.293,1.2969,100848.35
0.998,0.1934,0.1274,-1.829,-38.78,43.476,1.0246,100848.71
1.1958,0.0366,-0.1377,-6.159,-54.451,20.732,1.2043,100847.23
0.9668,-0.1128,-0.4956,18.78,-57.134,19.085,1.0923,100846.71
1.0474,-0.1089,0.1055,77.073,10.915,-8.293,1.0583,100846.3
0.8545,-0.0059,0.2461,51.159,88.11,1.585,0.8892,100846.38
0.2695,-0.0728,-0.0332,5.61,58.841,33.232,0.2811,100845.96
0.7925,-0.1079,0.2373,-3.049,4.573,-4.573,0.8343,100845.9
1.1641,-0.0376,0.5459,-25.122,-30.915,-0.427,1.2863,100845.86
1.1143,-0.0635,0.1289,-72.378,-40.976,9.939,1.1235,100845.95
1.2075,-0.0396,-0.1411,-36.707,-15.0,-15.061,1.2164,100845.15
1.1895,0.0034,0.1987,24.146,12.134,-34.634,1.2059,100846.03
1.2222,-0.0366,0.1689,25.061,22.805,-42.195,1.2343,100845.95
0.8926,-0.0518,-0.0762,33.415,29.634,-12.134,0.8973,100845.63
0.4429,0.0293,0.0757,73.902,42.134,7.012,0.4502,100845.66
0.8521,0.1318,0.5537,87.805,20.793,-15.366,1.0247,100845.41
1.5244,0.2207,0.7319,30.061,-45.671,-9.085,1.7054,100845.97
1.1465,0.1177,0.126,-56.89,-42.073,34.024,1.1594,100844.79
0.5781,0.0405,-0.603,-40.0,-55.732,33.902,0.8364,100843.43
1.1221,0.1582,0.3716,39.878,-41.646,-38.963,1.1925,100842.52
1.4497,0.0767,0.1411,-19.573,8.049,-46.037,1.4586,100842.7
0.8789,-0.0454,-0.2109,-28.293,19.39,18.11,0.905,100842.56
0.3574,-0.085,-0.1284,-4.817,51.89,38.293,0.3892,100842.49
0.4634,-0.2134,0.1846,6.098,50.366,9.573,0.5425,100842.44
0.9399,-0.0269,0.519,-23.293,12.256,-10.671,1.0741,100842.39
1.3745,0.0591,0.5542,-84.634,-63.11,-10.061,1.4832,100842.24
1.6934,-0.0864,-0.0415,-138.354,-68.415,-4.451,1.6961,100842.12
1.2754,-0.1733,-0.8521,-75.122,-16.524,24.085,1.5436,100842.16
0.9336,-0.0742,0.0391,62.927,34.634,9.329,0.9374,100840.84
0.9272,0.0005,0.4277,57.805,60.915,-14.085,1.0211,100840.21
0.5854,-0.0332,0.2515,22.683,25.122,-2.317,0.638,100839.88
0.4727,0.0244,0.1704,0.976,3.415,-15.244,0.503,100839.02
0.8887,0.041,0.3672,-7.378,-9.512,-39.878,0.9624,100840.1
1.2593,0.0757,0.3555,-38.841,-28.476,-21.037,1.3107,100839.29
1.0376,0.0537,-0.1113,-76.585,-52.561,22.073,1.0449,100838.94
1.1914,0.0693,-0.4087,-30.488,-70.793,12.256,1.2615,100838.91
1.2261,0.0698,-0.0742,30.793,-27.317,-3.171,1.2303,100838.64
1.0293,0.0605,0.1006,34.695,-11.159,-15.793,1.036,100838.45
1.1489,0.0605,0.3345,17.805,34.207,-25.244,1.1982,100838.18
0.5918,-0.0718,-0.001,-14.817,47.439,24.268,0.5961,100837.99
0.5088,-0.1201,0.0244,-11.341,18.232,35.671,0.5233,100838.43
0.7988,-0.1875,0.3574,-21.585,6.89,26.89,0.895,100837.94
0.7446,-0.1909,0.2251,-73.293,-4.268,27.561,0.801,100837.43
0.8901,-0.1357,0.2246,-95.976,-21.707,7.683,0.928,100837.07
0.9902,-0.1362,0.0435,-129.512,-39.939,-4.817,1.0005,100837.41
1.1069,-0.1245,-0.2681,-132.195,-33.902,-8.841,1.1457,100837.27
1.2827,-0.0962,0.2334,-90.732,20.061,-47.561,1.3073,100837.54
1.6245,-0.0483,0.3696,-104.085,32.073,-85.183,1.6667,100837.73
1.5513,-0.0454,0.1553,-129.512,7.622,-55.183,1.5597,100838.51
0.8716,-0.1074,-0.3809,-133.537,5.793,4.878,0.9572,100837.84
0.4771,-0.1602,-0.356,-68.293,-4.329,10.305,0.6164,100837.84
0.7773,-0.1128,0.2422,-16.037,-8.232,-18.293,0.822,100836.5
0.8916,0.0215,0.5483,-35.305,-6.402,-12.317,1.0469,100836.34
0.7778,0.0713,0.499,-76.829,-21.829,0.549,0.9269,100836.98
0.7407,0.0728,0.2485,-106.098,-40.122,-10.244,0.7847,100836.09
1.0425,0.1289,0.4409,-95.854,-55.122,-24.451,1.1392,100836.65
1.1318,0.1294,0.439,-123.232,-48.415,-5.976,1.2209,100836.2
0.7534,0.0283,-0.2959,-140.488,-9.695,16.159,0.8099,100835.37
0.6299,-0.0005,0.2378,-76.524,18.11,3.049,0.6733,100835.62
0.9985,0.0205,0.2949,-104.207,10.793,-7.317,1.0414,100836.02
0.8501,-0.0776,0.0942,-133.415,-12.073,26.585,0.8588,100836.1
0.9492,-0.1416,0.0303,-133.354,-17.805,29.39,0.9602,100837.03
1.0625,-0.147,0.0107,-127.744,3.476,17.988,1.0727,100837.36
1.0815,-0.2144,0.0103,-116.28,17.012,-0.427,1.1026,100837.48
0.9956,-0.2422,0.0117,-104.634,6.524,-14.207,1.0247,100837.3
1.0605,-0.1724,0.0703,-91.037,-22.866,-26.646,1.0768,100837.43
0.9653,-0.0591,0.0908,-95.671,-9.939,-24.573,0.9714,100836.76
0.6724,0.0469,0.0005,-101.524,-5.122,-11.463,0.674,100837.15
0.8115,0.0332,0.2319,-91.159,-6.951,-25.122,0.8447,100837.81
1.2285,0.0728,0.2969,-116.098,-11.89,-25.366,1.266,100838.53
1.1338,0.1543,-0.0518,-140.366,-12.5,9.634,1.1454,100837.98
1.0283,0.2026,0.1245,-110.244,-12.622,20.305,1.0555,100837.2
1.2588,0.2705,0.1865,-112.134,-36.707,16.22,1.301,100837.09
1.1689,0.2373,-0.0215,-121.341,-37.927,34.207,1.193,100837.41
0.958,0.1299,-0.2607,-108.171,-25.305,36.22,1.0013,100836.88
0.98,0.1338,-0.1953,-73.659,-16.89,21.768,1.0082,100836.25
0.7998,0.1206,0.0254,-48.902,8.902,10.976,0.8092,100837.25
0.6997,0.1074,0.1089,-52.622,3.232,-5.122,0.7162,100837.25
0.7207,0.1118,-0.0723,-75.366,-25.915,-8.293,0.7329,100837.88
0.7832,0.0278,-0.2627,-85.427,-4.268,0.305,0.8266,100838.48
0.625,-0.103,0.0674,-62.927,25.366,18.049,0.637,100838.81
0.792,-0.022,0.3989,-63.11,14.634,10.915,0.8871,100838.43
1.2471,-0.0122,0.332,-94.268,11.768,1.951,1.2906,100837.54
0.9976,-0.1699,-0.0762,-90.854,2.988,18.78,1.0148,100837.35
1.1509,-0.0151,0.002,-46.098,-30.244,-18.902,1.151,100838.08
1.8936,0.0337,0.002,-37.988,-33.72,-53.598,1.8939,100838.61
1.3096,-0.0967,-0.2554,-14.573,9.329,9.39,1.3377,100838.75
0.4658,-0.084,-0.1582,26.951,51.89,42.134,0.4991,100839.25
0.3359,-0.1084,0.1543,27.622,47.378,16.037,0.3852,100839.73
0.8447,-0.02,0.5581,-13.415,-4.512,-4.878,1.0126,100839.12
0.9966,0.0562,0.0386,-91.707,-85.0,27.439,0.9989,100838.92
0.9106,-0.0762,-0.3457,-87.988,-60.854,31.768,0.977,100839.1
0.7993,-0.0488,-0.397,-25.366,17.988,0.854,0.8938,100839.26
1.23,0.0703,0.3589,23.659,24.268,-43.171,1.2832,100840.11
1.3916,-0.0044,0.0234,-24.817,23.78,-21.707,1.3918,100840.86
0.5024,-0.0879,-0.1289,-13.354,12.683,32.317,0.5261,100841.55
0.8574,-0.1387,0.2871,-17.988,11.402,-10.671,0.9148,100841.62
1.521,-0.1157,-0.0425,-73.841,-7.195,-5.061,1.526,100841.75
1.1138,-0.1489,-0.1343,-49.329,-29.695,52.317,1.1317,100842.59
0.9248,-0.0732,0.0815,-13.598,-1.341,26.037,0.9313,100841.38
1.1025,-0.0283,0.3589,-9.39,-3.171,-21.829,1.1598,100841.58
1.4863,-0.0513,0.0503,-36.768,-23.232,-37.195,1.4881,100843.12
1.2793,-0.0898,-0.2852,-20.549,-1.037,-11.829,1.3138,100843.88
0.8408,-0.0088,-0.2163,20.732,33.78,3.902,0.8682,100843.7
0.6143,-0.0645,-0.2402,32.866,14.146,6.951,0.6627,100842.48
0.5991,-0.104,-0.1987,29.451,-16.89,7.317,0.6397,100842.03
0.793,-0.0659,-0.0767,22.317,-11.768,7.988,0.7994,100841.84
0.9326,-0.0073,0.1025,19.817,-4.939,11.707,0.9383,100842.45
1.147,-0.0439,0.145,4.939,-13.963,13.232,1.1569,100843.38
0.7124,-0.0371,-0.2197,-4.695,-10.427,27.134,0.7464,100843.7
0.7329,0.001,0.084,30.183,-12.866,-29.146,0.7377,100843.08
1.5024,-0.0088,0.3433,8.476,0.366,-70.244,1.5412,100843.48
0.8301,-0.0977,-0.1245,-38.963,23.049,18.659,0.845,100844.04
0.2803,-0.0918,-0.0786,-31.402,20.854,49.085,0.3052,100844.18
1.2695,-0.0039,0.4932,-42.195,15.793,-15.61,1.362,100845.05
1.2832,-0.0996,0.1392,-77.073,11.585,-0.305,1.2946,100845.44
0.9429,-0.1016,-0.104,-57.561,-10.366,-7.622,0.954,100844.88
1.2935,-0.0493,-0.0469,-29.573,-37.5,-56.463,1.2952,100845.94
1.2666,-0.1919,-0.4912,-25.732,-27.744,-40.122,1.372,100846.6
0.9038,-0.1543,-0.4526,14.268,-15.488,15.732,1.0225,100847.37
0.6528,0.0747,-0.0151,46.037,-1.707,34.39,0.6573,100847.19
0.9971,0.1362,0.4785,40.244,-11.159,5.488,1.1143,100847.2
1.1265,-0.0024,-0.2769,4.329,-11.402,5.549,1.16,100848.15
1.1201,0.0518,0.1309,23.902,-14.939,-7.866,1.1289,100847.77
1.4702,0.1069,0.061,0.122,-17.744,-12.561,1.4754,100848.84
0.71,-0.0464,-0.1582,-10.488,58.841,0.183,0.7289,100848.63
0.7222,-0.001,-0.0435,1.098,44.695,6.098,0.7235,100848.38
0.7681,0.0337,0.1782,-24.634,11.463,28.841,0.7892,100848.81
0.9746,-0.0469,0.0459,-56.463,-40.061,31.89,0.9768,100849.76
1.2085,-0.123,-0.3057,-56.89,-55.061,16.463,1.2526,100849.72
1.0142,-0.1631,-0.2695,-2.683,0.305,-31.768,1.062,100849.45
1.6367,0.042,0.0498,33.11,10.305,-91.402,1.638,100849.48
1.353,0.0386,-0.1675,23.72,17.927,-61.585,1.3639,100849.24
0.9736,-0.1118,0.0488,12.5,-0.976,-28.293,0.9812,100849.48
0.8379,-0.0107,0.0269,-10.854,-13.232,16.402,0.8384,100849.49
0.7739,0.0601,-0.0601,-20.427,-7.317,28.476,0.7786,100850.62
0.752,-0.043,-0.1982,-22.622,-28.11,11.829,0.7788,100851.23
1.0591,0.0762,-0.1772,6.524,-35.671,-32.378,1.0765,100851.06
1.6831,0.229,0.3062,33.963,-5.183,-72.5,1.726,100851.93
1.3394,0.0454,0.0356,-12.5,47.439,-13.72,1.3406,100851.59
0.3613,-0.0693,-0.2319,-25.183,41.463,59.024,0.4349,100851.69
0.6138,-0.0322,0.1191,-20.915,3.049,38.049,0.6261,100852.12
1.3447,0.0278,0.0498,-51.585,-32.866,31.951,1.3459,100852.58
0.916,-0.0469,0.0581,-54.939,-22.439,33.841,0.9191,100852.45
1.1587,0.0835,0.3325,-64.817,-16.159,-45.122,1.2083,100852.94
1.4941,0.0562,-0.1274,-98.598,-50.915,-64.268,1.5006,100852.93
1.1387,-0.0674,-0.5698,-78.537,-29.939,-25.122,1.2751,100852.81
0.8813,-0.0625,-0.5088,-18.11,9.024,-1.89,1.0196,100853.72
0.8916,-0.0645,-0.1523,10.244,21.585,13.841,0.9068,100853.9
0.6797,0.043,0.2046,0.183,15.427,30.0,0.7111,100853.41
0.9116,0.2407,0.7017,-40.244,-10.854,8.476,1.1753,100853.65
1.2153,0.165,0.1392,-138.232,-32.622,-2.805,1.2344,100854.34
0.9092,0.0332,-0.4951,-141.524,-75.671,1.22,1.0358,100854.0
1.4893,0.1909,0.0283,-83.476,-53.659,-60.549,1.5017,100853.62
1.5068,0.1567,-0.1704,-102.744,-10.488,-32.073,1.5245,100853.94
0.5415,0.0146,-0.3438,-95.732,-10.122,52.073,0.6416,100853.8
0.644,0.0596,0.2646,-95.976,21.463,3.963,0.6988,100854.57
1.4419,0.1904,0.4829,-136.037,-25.427,-6.463,1.5325,100854.04
1.2275,-0.001,-0.189,-195.122,-71.341,53.902,1.242,100854.12
0.9233,-0.1421,-0.4702,-109.756,-72.256,37.256,1.0459,100854.17
2.019,0.168,0.4932,-39.756,3.049,-65.549,2.0852,100854.73
1.8291,0.0801,-0.2183,-116.341,41.463,-24.756,1.8438,100855.65
0.7344,-0.0483,-0.4067,-104.939,18.11,50.61,0.8409,100854.83
0.6338,0.0562,0.04,-85.061,20.976,30.854,0.6375,100855.33
0.8174,0.0776,0.2036,-114.024,26.89,23.476,0.8459,100855.45
0.5562,0.0469,0.1318,-135.061,5.732,35.976,0.5735,100856.17
0.9434,0.0874,0.5303,-123.78,-25.854,-2.622,1.0857,100856.09
1.3462,0.1519,0.4453,-154.756,-22.134,-20.976,1.426,100856.27
1.084,0.0957,-0.0132,-164.024,-40.183,8.476,1.0883,100856.9
0.8799,0.104,0.021,-126.28,-43.78,3.476,0.8863,100856.5
1.1343,0.1709,0.3252,-115.793,-10.549,-31.463,1.1923,100856.21
1.1562,0.1538,0.1782,-148.659,-3.902,-22.012,1.18,100855.88
0.8501,0.0684,-0.1699,-157.073,-44.207,14.756,0.8696,100855.74
0.8955,0.1235,0.1196,-131.524,-56.585,-0.122,0.9119,100856.38
1.3418,0.2432,0.1831,-149.817,-35.671,-27.927,1.3759,100855.88
1.2993,0.2563,0.0542,-166.646,-19.451,11.159,1.3255,100856.48
0.9258,0.2197,-0.0054,-160.305,-14.024,57.378,0.9515,100855.71
0.7451,0.3086,-0.0195,-146.707,-21.585,46.646,0.8067,100855.73
1.1299,0.3936,-0.0342,-139.085,0.122,4.024,1.1969,100855.27
1.1685,0.3042,-0.1484,-128.659,-3.171,24.451,1.2165,100856.04
0.7539,0.1543,-0.3022,-103.78,-1.28,55.549,0.8268,100856.27
0.6719,0.103,-0.0864,-65.305,32.866,34.451,0.6852,100856.16
0.8691,0.145,0.2319,-59.817,50.732,8.049,0.9112,100856.1
1.064,0.0981,0.2876,-85.244,17.439,0.549,1.1065,100856.66
1.3101,-0.1006,-0.0225,-104.207,-16.037,1.707,1.3141,100855.84
1.3145,-0.1572,-0.1323,-79.329,13.72,22.5,1.3304,100855.26
1.0796,-0.0293,0.0854,-43.171,38.11,38.598,1.0834,100855.05
1.0186,-0.0757,0.0747,-43.049,-3.902,24.085,1.0241,100854.63
1.0747,-0.166,-0.3521,-21.402,-59.512,3.902,1.143,100854.83
1.2681,0.0972,-0.0679,50.488,-67.317,-13.415,1.2736,100854.61
1.3823,0.2202,0.5112,72.744,17.561,-41.829,1.4902,100855.18
1.2593,0.0122,0.2427,32.683,39.817,-38.11,1.2825,100855.87
0.9629,-0.0767,-0.1631,22.927,-10.0,-7.073,0.9796,100856.0
0.79,-0.0586,-0.0527,44.512,-5.488,6.951,0.794,100855.74
0.6968,-0.0288,0.0972,51.341,16.402,8.171,0.7041,100855.16
0.7979,-0.0005,0.2974,33.354,-1.22,4.634,0.8515,100855.24
1.1777,0.0503,0.5063,-1.037,-65.488,7.5,1.283,100855.66
1.0098,-0.0386,0.1636,-35.061,-133.598,22.683,1.0237,100854.5
1.0737,-0.1338,-0.4141,-38.537,-119.39,-9.878,1.1586,100853.76
1.1719,-0.085,-0.374,0.915,-44.695,-22.988,1.233,100853.2
1.0884,0.0161,0.0356,31.402,68.659,-29.207,1.0891,100853.41
1.1782,0.0479,0.0986,10.976,99.512,-10.0,1.1833,100852.3
0.7661,-0.0811,-0.1934,-19.634,74.268,49.085,0.7943,100851.23
0.3652,-0.2334,-0.3887,-15.488,82.805,64.573,0.5822,100851.41
0.459,-0.2495,-0.043,9.085,62.866,37.134,0.5242,100851.45
0.7485,-0.125,0.4019,-2.317,-5.0,5.915,0.8587,100851.97
1.4829,0.0249,0.4194,-49.024,-81.037,-14.146,1.5413,100851.73
1.4736,-0.0522,-0.2041,-68.049,-58.354,29.451,1.4886,100852.3
1.0073,-0.0889,-0.1846,-11.22,6.768,24.39,1.0279,100852.22
1.103,0.0278,0.1182,14.207,54.817,-41.524,1.1097,100852.43
1.1001,-0.0161,-0.0254,13.171,46.89,-61.89,1.1005,100852.09
0.8135,-0.0713,-0.1357,33.902,47.988,-41.463,0.8278,100852.3
0.6196,-0.0806,-0.0879,63.841,51.524,-23.537,0.631,100851.85
0.9951,0.0576,0.48,81.89,25.671,-31.159,1.1063,100852.03
1.4092,0.0381,0.4761,29.329,2.805,-21.22,1.4879,100852.04
1.1333,-0.0674,-0.168,-7.073,-67.5,29.695,1.1477,100851.18
1.0005,0.0747,-0.0352,46.159,-99.024,31.22,1.0039,100850.95
1.2251,0.1318,0.145,52.622,-33.537,-11.707,1.2407,100850.87
1.0112,0.0049,-0.1313,31.829,-7.012,-5.061,1.0197,100850.56
0.8398,0.0151,0.0283,49.756,18.476,4.634,0.8405,100850.33
0.7051,-0.0425,0.1367,41.159,73.415,11.524,0.7195,100849.69
0.5552,-0.1035,0.1489,28.171,43.537,29.451,0.5841,100848.58
0.8945,-0.0767,0.3809,-0.793,-0.61,8.415,0.9753,100849.13
1.1743,-0.0713,0.1064,-52.378,-11.22,10.854,1.1813,100848.91
1.064,-0.1416,0.0376,-42.988,-28.537,29.329,1.074,100848.62
1.1104,-0.0518,0.1963,-23.841,-11.707,-5.244,1.1288,100848.28
1.0469,0.0464,0.2305,-16.951,-4.024,-39.146,1.0729,100849.02
0.915,0.0557,0.1055,-19.939,-23.354,-66.524,0.9228,100848.45
0.9785,0.0625,-0.0044,-14.756,3.841,-89.146,0.9805,100848.74
1.1279,-0.0015,-0.2275,1.341,24.146,-57.744,1.1507,100847.87
0.9126,0.0254,-0.332,49.573,43.049,11.585,0.9715,100848.55
0.5903,0.1699,0.1089,102.988,37.683,29.634,0.6239,100848.7
1.4111,0.3179,0.6675,95.061,9.207,-21.159,1.5931,100848.42
1.2393,0.2598,0.3496,16.707,-42.012,22.988,1.3136,100847.85
0.9971,0.1299,0.1084,0.305,-101.463,16.707,1.0113,100848.52
1.2617,0.0547,-0.0586,-19.573,-41.159,-28.963,1.2643,100848.04
1.0542,0.0737,-0.1475,-3.476,-8.598,0.305,1.067,100847.94
1.0542,0.0737,-0.1475,-3.476,-8.598,0.305,1.067,100847.75
0.627,0.103,-0.1069,7.256,4.207,17.561,0.6443,100846.83
0.6865,0.0483,-0.1484,-0.854,34.512,3.232,0.704,100846.66
0.7793,0.0259,-0.1333,5.549,48.902,25.915,0.791,100847.01
0.6675,0.0044,0.1328,8.354,40.61,42.073,0.6806,100846.93
0.9199,0.1328,0.269,-14.085,0.915,25.854,0.9676,100846.62
1.1431,0.1943,0.2363,-39.512,-36.463,23.78,1.1833,100846.51
1.1748,0.0396,-0.0889,-48.841,-23.841,11.463,1.1788,100846.41
1.1611,-0.0083,-0.2251,-15.671,16.402,-11.707,1.1828,100846.12
1.043,0.0259,-0.0039,30.793,57.012,-39.085,1.0433,100846.02
1.249,0.0317,0.1919,46.463,74.634,-61.28,1.2641,100846.9
1.0449,-0.0186,0.0903,47.134,85.427,-24.756,1.049,100846.09
0.7339,0.0869,0.1934,61.037,62.744,0.732,0.7639,100845.73
1.0845,0.2124,0.4912,40.732,-0.549,-12.134,1.2093,100844.84
1.1343,0.1523,0.0718,-23.72,-43.963,6.098,1.1467,100844.55
0.9717,0.1616,-0.041,8.11,-69.268,35.366,0.9859,100844.07
1.0801,0.2603,0.1162,46.22,-69.756,17.927,1.1171,100842.48
1.1001,0.2544,-0.1338,42.073,-46.341,4.939,1.137,100842.77
0.6602,0.1958,0.0444,57.988,5.122,0.427,0.69,100843.48
0.7603,0.2227,0.3813,43.171,59.939,-37.866,0.8792,100843.52
0.9463,0.1162,0.0674,-7.805,24.024,-30.305,0.9558,100842.91
0.9048,0.0254,-0.0845,-25.61,-20.488,5.549,0.9091,100841.73
0.7544,-0.0688,0.0347,-21.585,7.134,19.39,0.7583,100841.6
0.8428,-0.0322,0.229,-22.256,13.476,19.695,0.8739,100841.36
0.8145,0.0093,0.3887,-36.524,-30.488,13.598,0.9025,100840.58
1.0073,0.0684,0.124,-59.268,-85.0,-25.366,1.0172,100840.22
1.3594,0.1689,-0.1104,-51.098,-87.622,-61.768,1.3743,100840.81
1.5303,0.1201,-0.1992,-23.78,-8.171,-67.317,1.5479,100841.39
1.2617,0.0566,-0.0459,9.39,54.329,-32.073,1.2638,100841.21
0.9087,0.1484,0.1162,20.244,70.732,8.476,0.928,100841.45
0.4829,0.0801,0.0293,15.244,37.012,40.976,0.4904,100841.39
0.6084,0.1025,0.2515,18.72,0.915,23.598,0.6663,100841.59
1.2729,0.2134,0.2114,-16.829,0.061,-3.415,1.3079,100840.62
1.0562,0.1504,-0.4131,-26.28,-12.012,29.146,1.144,100841.14
1.1616,0.2881,0.2036,25.793,-36.768,4.329,1.214,100840.54
1.8081,0.3672,0.2339,-6.037,-41.707,-11.89,1.8598,100839.34
1.0601,0.1636,-0.1333,-29.817,-59.573,57.439,1.0809,100839.43
0.6025,0.0859,-0.0342,-6.159,21.341,25.915,0.6096,100839.0
0.9116,0.1367,0.1587,-2.988,83.232,-8.171,0.9354,100838.45
0.5366,0.0903,0.126,-25.793,41.951,38.049,0.5586,100837.63
0.4458,0.041,0.2373,-52.622,12.805,31.768,0.5067,100838.16
0.6851,0.0376,0.1826,-79.878,-8.72,5.305,0.71,100838.16
0.6934,-0.0527,0.0156,-89.939,-26.524,1.402,0.6955,100837.68
1.123,-0.1084,0.0742,-75.366,-18.659,-23.72,1.1307,100839.62
1.166,-0.0781,0.0425,-55.305,-25.122,-31.22,1.1694,100838.16
1.4429,-0.0293,0.1968,-44.634,-33.11,-47.317,1.4565,100838.41
1.4058,-0.0605,0.0796,-53.171,7.866,-47.073,1.4093,100837.98
1.1235,0.0054,0.1479,-42.561,40.915,-34.878,1.1332,100837.42
0.9126,0.0278,0.1685,-46.098,27.012,-25.0,0.9284,100837.51
0.769,0.0249,0.1235,-61.585,2.134,-25.0,0.7793,100836.7
0.8745,0.061,0.0991,-68.72,-14.207,-27.927,0.8822,100837.21
1.0884,0.0635,0.2363,-66.159,-30.366,-17.927,1.1155,100837.22
0.9819,0.0874,0.1245,-82.317,-56.646,11.098,0.9936,100836.98
0.9541,0.1255,0.105,-80.488,-73.476,24.329,0.968,100837.54
0.9473,0.0972,0.188,-70.793,-51.098,19.085,0.9706,100837.35
0.8213,0.127,0.2661,-76.463,-25.549,9.878,0.8726,100836.84
0.6475,0.2349,0.3501,-93.049,-9.268,-4.695,0.7726,100836.22
0.4932,0.3447,0.4595,-118.354,4.512,-45.854,0.7571,100836.23
1.1694,0.3452,0.3228,-155.244,-23.171,-81.402,1.2613,100836.0
1.1021,0.2412,-0.0015,-170.976,-73.537,-7.927,1.1281,100835.83
0.6646,0.0874,-0.2705,-144.695,-34.39,34.268,0.7228,100835.95
0.8413,0.0913,0.0322,-102.378,-1.707,15.732,0.8469,100836.27
1.0254,0.0981,0.2466,-108.659,-33.659,18.354,1.0592,100836.39
0.9629,0.0493,0.0459,-133.171,-46.829,26.098,0.9652,100836.75
0.9224,-0.0137,0.001,-125.122,-53.78,9.207,0.9225,100836.66
1.0986,0.0244,0.0093,-118.049,-59.39,-17.195,1.0989,100837.55
1.1143,0.0654,-0.0742,-113.354,-51.463,-17.134,1.1186,100836.77
0.9004,0.0215,-0.2168,-95.549,-18.598,-10.061,0.9264,100837.02
0.877,0.085,-0.0425,-62.378,-10.915,-9.268,0.8821,100837.97
0.875,0.1406,0.0615,-58.78,-8.293,-8.293,0.8884,100837.05
0.8638,0.0918,0.0557,-70.427,-2.073,-5.305,0.8704,100837.61
0.8511,0.0562,0.0571,-79.329,-9.329,6.707,0.8548,100837.16
1.0308,0.1206,0.1221,-85.488,-28.78,15.183,1.0449,100837.2
1.2944,0.1821,0.0835,-98.902,-51.89,37.195,1.3098,100836.96
1.082,0.2144,-0.1274,-98.293,-85.305,90.976,1.1104,100837.16
0.8916,0.1772,-0.1587,-74.939,-49.695,88.11,0.9228,100838.55
1.0864,0.2241,0.0361,-63.171,-2.134,42.012,1.1099,100837.73
1.1538,0.3101,0.0127,-85.854,-23.659,32.561,1.1948,100838.11
1.0317,0.2671,-0.2212,-104.573,-18.72,31.707,1.0885,100838.5
0.9448,0.1689,-0.2754,-89.085,13.354,20.183,0.9985,100838.71
0.8599,0.1221,-0.1763,-70.122,33.232,11.89,0.8862,100839.34
0.8052,0.1313,-0.0298,-61.89,44.817,6.402,0.8164,100839.58
0.7661,0.1348,0.0083,-67.256,41.707,15.732,0.7779,100839.48
0.8701,0.0547,0.0537,-81.646,13.354,37.439,0.8735,100840.14
0.5186,-0.001,-0.0127,-104.756,-26.463,62.378,0.5187,100840.38
0.7319,0.0215,-0.0259,-104.268,-17.805,27.866,0.7327,100839.84
1.1567,-0.083,0.0752,-88.537,5.061,4.817,1.1621,100840.18
0.8384,-0.2744,-0.186,-74.268,29.451,12.622,0.9015,100840.05
0.8892,-0.1411,-0.0361,-26.402,15.183,-20.671,0.901,100839.07
1.353,0.082,0.0342,-13.72,7.256,-55.0,1.3559,100837.87
1.248,-0.0347,-0.0571,-5.061,42.561,-45.122,1.2498,100838.95
1.0352,0.0029,0.2803,14.695,46.159,-37.622,1.0724,100839.0
1.1035,0.0654,0.0273,-14.695,-22.744,-6.28,1.1058,100840.91
0.9976,-0.0552,0.0571,-5.244,-4.39,-9.634,1.0007,100840.23
1.2246,0.0869,0.2524,-8.415,-16.768,-27.378,1.2534,100840.47
1.2725,0.2036,0.0674,-41.28,-8.598,-13.72,1.2904,100841.26
0.6069,0.1006,-0.2158,-45.244,16.463,17.744,0.652,100841.12
0.374,0.0869,-0.2393,-35.244,35.793,2.195,0.4524,100840.38
0.7271,0.082,-0.2202,-28.171,34.817,-10.976,0.7641,100840.69
0.9248,0.1245,0.1958,-22.073,-3.049,7.195,0.9535,100841.67
1.208,0.252,0.4302,-39.146,-37.439,7.012,1.3068,100840.93
1.0591,0.0405,-0.2793,-52.439,-45.0,11.707,1.096,100841.72
